N = 34;
T = 28;
K = 4;
C = 240.0;
furnance = 6;
color = 6;
machines = [17 18 19 20];
products = [55 158 139 117 77 54 24 419 156 176 120 48 3 115 424 8 257 11 466 111 201 256 182 159 258 32 217 215 162 213 40 183 86 154];
MINik = [[16.0 16.0 16.0 6.0],[16.0 16.0 16.0 6.0],[16.0 16.0 16.0 6.0],[16.0 16.0 16.0 6.0],[16.0 16.0 16.0 6.0],[16.0 16.0 16.0 6.0],[16.0 16.0 16.0 6.0],[16.0 16.0 16.0 6.0],[16.0 16.0 16.0 6.0],[16.0 16.0 16.0 6.0],[16.0 16.0 16.0 6.0],[16.0 16.0 16.0 6.0],[16.0 16.0 16.0 6.0],[16.0 16.0 16.0 6.0],[16.0 16.0 16.0 6.0],[16.0 16.0 16.0 6.0],[16.0 16.0 16.0 6.0],[16.0 16.0 16.0 6.0],[16.0 16.0 16.0 6.0],[16.0 16.0 16.0 6.0],[16.0 16.0 16.0 6.0],[16.0 16.0 16.0 6.0],[16.0 16.0 16.0 6.0],[16.0 16.0 16.0 6.0],[16.0 16.0 16.0 6.0],[16.0 16.0 16.0 6.0],[16.0 16.0 16.0 6.0],[16.0 16.0 16.0 6.0],[16.0 16.0 16.0 6.0],[16.0 16.0 16.0 6.0],[16.0 16.0 16.0 6.0],[16.0 16.0 16.0 6.0],[16.0 16.0 16.0 6.0],[16.0 16.0 16.0 6.0]];
MAXik = [[20.0 20.0 16.0 8.0],[20.0 20.0 16.0 8.0],[20.0 20.0 16.0 8.0],[20.0 20.0 16.0 8.0],[20.0 20.0 16.0 8.0],[20.0 20.0 16.0 8.0],[20.0 20.0 16.0 8.0],[20.0 20.0 16.0 8.0],[20.0 20.0 16.0 8.0],[20.0 20.0 16.0 8.0],[20.0 20.0 16.0 8.0],[20.0 20.0 16.0 8.0],[20.0 20.0 16.0 8.0],[20.0 20.0 16.0 8.0],[20.0 20.0 16.0 8.0],[20.0 20.0 16.0 8.0],[0.0 0.0 16.0 0.0],[0.0 0.0 16.0 8.0],[0.0 0.0 16.0 0.0],[0.0 0.0 16.0 8.0],[0.0 0.0 16.0 0.0],[0.0 0.0 16.0 0.0],[0.0 0.0 16.0 0.0],[0.0 0.0 16.0 0.0],[0.0 0.0 16.0 0.0],[0.0 0.0 0.0 8.0],[0.0 0.0 0.0 8.0],[0.0 0.0 0.0 8.0],[0.0 0.0 0.0 8.0],[0.0 0.0 0.0 8.0],[0.0 0.0 0.0 8.0],[0.0 0.0 0.0 8.0],[0.0 0.0 0.0 8.0],[0.0 0.0 0.0 8.0]];
Pik = [[4.44528 4.44528 4.44528 4.44528],[2.916 2.916 2.916 2.916],[2.97432 2.97432 2.97432 2.97432],[3.9366 3.9366 3.9366 3.9366],[1.8792 1.8792 1.8792 1.8792],[4.44528 4.44528 4.44528 4.44528],[4.08564 4.08564 4.08564 4.08564],[4.0824 4.0824 4.0824 4.0824],[2.5272 2.5272 2.5272 2.5272],[4.43232 4.43232 4.43232 4.43232],[2.916 2.916 2.916 2.916],[4.51008 4.51008 4.51008 4.51008],[3.820608 3.820608 3.820608 3.820608],[3.4992 3.4992 3.4992 3.4992],[4.0824 4.0824 4.0824 4.0824],[3.402 3.402 3.402 3.402],[3.564 3.564 3.564 3.564],[3.888 3.888 3.888 3.888],[4.54896 4.54896 4.54896 4.54896],[4.0824 4.0824 4.0824 4.0824],[5.346 5.346 5.346 5.346],[3.564 3.564 3.564 3.564],[4.20552 4.20552 4.20552 4.20552],[4.44528 4.44528 4.44528 4.44528],[5.2488 5.2488 5.2488 5.2488],[5.508 5.508 5.508 5.508],[5.28768 5.28768 5.28768 5.28768],[4.51008 4.51008 4.51008 4.51008],[4.08564 4.08564 4.08564 4.08564],[5.2326 5.2326 5.2326 5.2326],[3.83616 3.83616 3.83616 3.83616],[3.7908 3.7908 3.7908 3.7908],[4.6656 4.6656 4.6656 4.6656],[3.3048 3.3048 3.3048 3.3048]];
Dit = [[0.0 0.0 0.0 0.0 0.0 0.0 0.0 0.0 0.0 0.0 0.0 0.0 0.0 43.0 0.0 0.0 0.0 0.0 0.0 0.0 41.0 0.0 0.0 0.0 0.0 0.0 0.0 42.0],[0.0 0.0 0.0 0.0 0.0 0.0 46.0 0.0 0.0 0.0 0.0 0.0 0.0 18.0 0.0 0.0 0.0 0.0 0.0 0.0 41.0 0.0 0.0 0.0 0.0 0.0 0.0 41.0],[0.0 0.0 0.0 0.0 0.0 0.0 46.0 0.0 0.0 0.0 0.0 0.0 0.0 43.0 0.0 0.0 0.0 0.0 0.0 0.0 42.0 0.0 0.0 0.0 0.0 0.0 0.0 19.0],[0.0 0.0 0.0 0.0 0.0 0.0 46.0 0.0 0.0 0.0 0.0 0.0 0.0 25.0 0.0 0.0 0.0 0.0 0.0 0.0 41.0 0.0 0.0 0.0 0.0 0.0 0.0 41.0],[0.0 0.0 0.0 0.0 0.0 0.0 30.0 0.0 0.0 0.0 0.0 0.0 0.0 42.0 0.0 0.0 0.0 0.0 0.0 0.0 30.0 0.0 0.0 0.0 0.0 0.0 0.0 24.0],[0.0 0.0 0.0 0.0 0.0 0.0 49.0 0.0 0.0 0.0 0.0 0.0 0.0 28.0 0.0 0.0 0.0 0.0 0.0 0.0 42.0 0.0 0.0 0.0 0.0 0.0 0.0 40.0],[0.0 0.0 0.0 0.0 0.0 0.0 48.0 0.0 0.0 0.0 0.0 0.0 0.0 42.0 0.0 0.0 0.0 0.0 0.0 0.0 41.0 0.0 0.0 0.0 0.0 0.0 0.0 39.0],[0.0 0.0 0.0 0.0 0.0 0.0 26.0 0.0 0.0 0.0 0.0 0.0 0.0 42.0 0.0 0.0 0.0 0.0 0.0 0.0 42.0 0.0 0.0 0.0 0.0 0.0 0.0 39.0],[0.0 0.0 0.0 0.0 0.0 0.0 40.0 0.0 0.0 0.0 0.0 0.0 0.0 40.0 0.0 0.0 0.0 0.0 0.0 0.0 40.0 0.0 0.0 0.0 0.0 0.0 0.0 42.0],[0.0 0.0 0.0 0.0 0.0 0.0 49.0 0.0 0.0 0.0 0.0 0.0 0.0 45.0 0.0 0.0 0.0 0.0 0.0 0.0 41.0 0.0 0.0 0.0 0.0 0.0 0.0 40.0],[0.0 0.0 0.0 0.0 0.0 0.0 46.0 0.0 0.0 0.0 0.0 0.0 0.0 42.0 0.0 0.0 0.0 0.0 0.0 0.0 41.0 0.0 0.0 0.0 0.0 0.0 0.0 42.0],[0.0 0.0 0.0 0.0 0.0 0.0 0.0 0.0 0.0 0.0 0.0 0.0 0.0 42.0 0.0 0.0 0.0 0.0 0.0 0.0 43.0 0.0 0.0 0.0 0.0 0.0 0.0 41.0],[0.0 0.0 0.0 0.0 0.0 0.0 48.0 0.0 0.0 0.0 0.0 0.0 0.0 44.0 0.0 0.0 0.0 0.0 0.0 0.0 42.0 0.0 0.0 0.0 0.0 0.0 0.0 24.0],[0.0 0.0 0.0 0.0 0.0 0.0 49.0 0.0 0.0 0.0 0.0 0.0 0.0 42.0 0.0 0.0 0.0 0.0 0.0 0.0 22.0 0.0 0.0 0.0 0.0 0.0 0.0 40.0],[0.0 0.0 0.0 0.0 0.0 0.0 48.0 0.0 0.0 0.0 0.0 0.0 0.0 42.0 0.0 0.0 0.0 0.0 0.0 0.0 42.0 0.0 0.0 0.0 0.0 0.0 0.0 40.0],[0.0 0.0 0.0 0.0 0.0 0.0 45.0 0.0 0.0 0.0 0.0 0.0 0.0 44.0 0.0 0.0 0.0 0.0 0.0 0.0 40.0 0.0 0.0 0.0 0.0 0.0 0.0 40.0],[0.0 0.0 0.0 0.0 0.0 0.0 0.0 0.0 0.0 0.0 0.0 0.0 0.0 43.0 0.0 0.0 0.0 0.0 0.0 0.0 41.0 0.0 0.0 0.0 0.0 0.0 0.0 39.0],[0.0 0.0 0.0 0.0 0.0 0.0 24.0 0.0 0.0 0.0 0.0 0.0 0.0 41.0 0.0 0.0 0.0 0.0 0.0 0.0 42.0 0.0 0.0 0.0 0.0 0.0 0.0 42.0],[0.0 0.0 0.0 0.0 0.0 0.0 46.0 0.0 0.0 0.0 0.0 0.0 0.0 43.0 0.0 0.0 0.0 0.0 0.0 0.0 43.0 0.0 0.0 0.0 0.0 0.0 0.0 42.0],[0.0 0.0 0.0 0.0 0.0 0.0 0.0 0.0 0.0 0.0 0.0 0.0 0.0 0.0 0.0 0.0 0.0 0.0 0.0 0.0 42.0 0.0 0.0 0.0 0.0 0.0 0.0 26.0],[0.0 0.0 0.0 0.0 0.0 0.0 49.0 0.0 0.0 0.0 0.0 0.0 0.0 43.0 0.0 0.0 0.0 0.0 0.0 0.0 0.0 0.0 0.0 0.0 0.0 0.0 0.0 0.0],[0.0 0.0 0.0 0.0 0.0 0.0 45.0 0.0 0.0 0.0 0.0 0.0 0.0 44.0 0.0 0.0 0.0 0.0 0.0 0.0 41.0 0.0 0.0 0.0 0.0 0.0 0.0 41.0],[0.0 0.0 0.0 0.0 0.0 0.0 47.0 0.0 0.0 0.0 0.0 0.0 0.0 0.0 0.0 0.0 0.0 0.0 0.0 0.0 0.0 0.0 0.0 0.0 0.0 0.0 0.0 0.0],[0.0 0.0 0.0 0.0 0.0 0.0 48.0 0.0 0.0 0.0 0.0 0.0 0.0 0.0 0.0 0.0 0.0 0.0 0.0 0.0 0.0 0.0 0.0 0.0 0.0 0.0 0.0 41.0],[0.0 0.0 0.0 0.0 0.0 0.0 49.0 0.0 0.0 0.0 0.0 0.0 0.0 43.0 0.0 0.0 0.0 0.0 0.0 0.0 0.0 0.0 0.0 0.0 0.0 0.0 0.0 0.0],[0.0 0.0 0.0 0.0 0.0 0.0 35.0 0.0 0.0 0.0 0.0 0.0 0.0 0.0 0.0 0.0 0.0 0.0 0.0 0.0 0.0 0.0 0.0 0.0 0.0 0.0 0.0 35.0],[0.0 0.0 0.0 0.0 0.0 0.0 0.0 0.0 0.0 0.0 0.0 0.0 0.0 0.0 0.0 0.0 0.0 0.0 0.0 0.0 33.0 0.0 0.0 0.0 0.0 0.0 0.0 33.0],[0.0 0.0 0.0 0.0 0.0 0.0 28.0 0.0 0.0 0.0 0.0 0.0 0.0 0.0 0.0 0.0 0.0 0.0 0.0 0.0 0.0 0.0 0.0 0.0 0.0 0.0 0.0 0.0],[0.0 0.0 0.0 0.0 0.0 0.0 26.0 0.0 0.0 0.0 0.0 0.0 0.0 26.0 0.0 0.0 0.0 0.0 0.0 0.0 26.0 0.0 0.0 0.0 0.0 0.0 0.0 26.0],[0.0 0.0 0.0 0.0 0.0 0.0 0.0 0.0 0.0 0.0 0.0 0.0 0.0 33.0 0.0 0.0 0.0 0.0 0.0 0.0 0.0 0.0 0.0 0.0 0.0 0.0 0.0 33.0],[0.0 0.0 0.0 0.0 0.0 0.0 24.0 0.0 0.0 0.0 0.0 0.0 0.0 0.0 0.0 0.0 0.0 0.0 0.0 0.0 24.0 0.0 0.0 0.0 0.0 0.0 0.0 0.0],[0.0 0.0 0.0 0.0 0.0 0.0 0.0 0.0 0.0 0.0 0.0 0.0 0.0 24.0 0.0 0.0 0.0 0.0 0.0 0.0 0.0 0.0 0.0 0.0 0.0 0.0 0.0 0.0],[0.0 0.0 0.0 0.0 0.0 0.0 29.0 0.0 0.0 0.0 0.0 0.0 0.0 0.0 0.0 0.0 0.0 0.0 0.0 0.0 29.0 0.0 0.0 0.0 0.0 0.0 0.0 0.0],[0.0 0.0 0.0 0.0 0.0 0.0 0.0 0.0 0.0 0.0 0.0 0.0 0.0 0.0 0.0 0.0 0.0 0.0 0.0 0.0 21.0 0.0 0.0 0.0 0.0 0.0 0.0 0.0]];
Sijk = [[[0.0 0.0 0.0 0.0],[10.0 10.0 7.0 4.0],[9.0 11.0 7.0 3.0],[7.0 7.0 7.0 6.0],[6.0 6.0 4.0 3.0],[11.0 11.0 7.0 6.0],[9.0 8.0 8.0 6.0],[8.0 12.0 8.0 5.0],[9.0 6.0 6.0 3.0],[7.0 9.0 9.0 5.0],[8.0 7.0 8.0 5.0],[8.0 10.0 9.0 7.0],[8.0 8.0 7.0 6.0],[12.0 7.0 9.0 5.0],[9.0 9.0 12.0 7.0],[12.0 7.0 11.0 5.0],[1.0E9 1.0E9 11.0 1.0E9],[1.0E9 1.0E9 11.0 4.0],[1.0E9 1.0E9 9.0 1.0E9],[1.0E9 1.0E9 11.0 6.0],[1.0E9 1.0E9 8.0 1.0E9],[1.0E9 1.0E9 9.0 1.0E9],[1.0E9 1.0E9 11.0 1.0E9],[1.0E9 1.0E9 8.0 1.0E9],[1.0E9 1.0E9 10.0 1.0E9],[1.0E9 1.0E9 1.0E9 7.0],[1.0E9 1.0E9 1.0E9 5.0],[1.0E9 1.0E9 1.0E9 7.0],[1.0E9 1.0E9 1.0E9 5.0],[1.0E9 1.0E9 1.0E9 8.0],[1.0E9 1.0E9 1.0E9 6.0],[1.0E9 1.0E9 1.0E9 5.0],[1.0E9 1.0E9 1.0E9 5.0],[1.0E9 1.0E9 1.0E9 5.0]]
[[12.0 11.0 9.0 5.0],[0.0 0.0 0.0 0.0],[11.0 10.0 7.0 3.0],[9.0 12.0 8.0 5.0],[8.0 8.0 4.0 3.0],[9.0 11.0 10.0 5.0],[11.0 12.0 12.0 6.0],[12.0 7.0 7.0 4.0],[9.0 9.0 6.0 3.0],[7.0 8.0 10.0 7.0],[8.0 9.0 5.0 5.0],[12.0 8.0 11.0 6.0],[7.0 7.0 10.0 4.0],[7.0 11.0 7.0 3.0],[7.0 8.0 12.0 5.0],[9.0 11.0 10.0 4.0],[1.0E9 1.0E9 8.0 1.0E9],[1.0E9 1.0E9 9.0 7.0],[1.0E9 1.0E9 10.0 1.0E9],[1.0E9 1.0E9 11.0 6.0],[1.0E9 1.0E9 8.0 1.0E9],[1.0E9 1.0E9 7.0 1.0E9],[1.0E9 1.0E9 10.0 1.0E9],[1.0E9 1.0E9 11.0 1.0E9],[1.0E9 1.0E9 11.0 1.0E9],[1.0E9 1.0E9 1.0E9 9.0],[1.0E9 1.0E9 1.0E9 7.0],[1.0E9 1.0E9 1.0E9 5.0],[1.0E9 1.0E9 1.0E9 7.0],[1.0E9 1.0E9 1.0E9 7.0],[1.0E9 1.0E9 1.0E9 5.0],[1.0E9 1.0E9 1.0E9 6.0],[1.0E9 1.0E9 1.0E9 5.0],[1.0E9 1.0E9 1.0E9 6.0]]
[[11.0 10.0 9.0 7.0],[10.0 9.0 6.0 3.0],[0.0 0.0 0.0 0.0],[9.0 11.0 8.0 6.0],[7.0 6.0 6.0 2.0],[8.0 8.0 8.0 8.0],[7.0 9.0 7.0 5.0],[12.0 10.0 12.0 6.0],[6.0 7.0 6.0 4.0],[11.0 8.0 12.0 6.0],[10.0 8.0 8.0 3.0],[8.0 10.0 11.0 6.0],[9.0 7.0 7.0 6.0],[10.0 8.0 6.0 4.0],[12.0 11.0 11.0 5.0],[11.0 11.0 11.0 5.0],[1.0E9 1.0E9 11.0 1.0E9],[1.0E9 1.0E9 7.0 5.0],[1.0E9 1.0E9 7.0 1.0E9],[1.0E9 1.0E9 8.0 6.0],[1.0E9 1.0E9 12.0 1.0E9],[1.0E9 1.0E9 9.0 1.0E9],[1.0E9 1.0E9 11.0 1.0E9],[1.0E9 1.0E9 12.0 1.0E9],[1.0E9 1.0E9 11.0 1.0E9],[1.0E9 1.0E9 1.0E9 8.0],[1.0E9 1.0E9 1.0E9 6.0],[1.0E9 1.0E9 1.0E9 6.0],[1.0E9 1.0E9 1.0E9 6.0],[1.0E9 1.0E9 1.0E9 8.0],[1.0E9 1.0E9 1.0E9 5.0],[1.0E9 1.0E9 1.0E9 4.0],[1.0E9 1.0E9 1.0E9 6.0],[1.0E9 1.0E9 1.0E9 3.0]]
[[11.0 7.0 8.0 6.0],[7.0 8.0 8.0 3.0],[9.0 11.0 6.0 4.0],[0.0 0.0 0.0 0.0],[8.0 6.0 5.0 3.0],[8.0 9.0 8.0 4.0],[7.0 12.0 7.0 7.0],[9.0 8.0 7.0 6.0],[10.0 6.0 7.0 3.0],[9.0 9.0 12.0 5.0],[12.0 9.0 7.0 4.0],[7.0 11.0 11.0 7.0],[7.0 8.0 7.0 6.0],[12.0 11.0 6.0 6.0],[10.0 9.0 10.0 5.0],[8.0 8.0 9.0 4.0],[1.0E9 1.0E9 10.0 1.0E9],[1.0E9 1.0E9 12.0 5.0],[1.0E9 1.0E9 9.0 1.0E9],[1.0E9 1.0E9 11.0 6.0],[1.0E9 1.0E9 10.0 1.0E9],[1.0E9 1.0E9 6.0 1.0E9],[1.0E9 1.0E9 9.0 1.0E9],[1.0E9 1.0E9 12.0 1.0E9],[1.0E9 1.0E9 11.0 1.0E9],[1.0E9 1.0E9 1.0E9 8.0],[1.0E9 1.0E9 1.0E9 6.0],[1.0E9 1.0E9 1.0E9 6.0],[1.0E9 1.0E9 1.0E9 4.0],[1.0E9 1.0E9 1.0E9 8.0],[1.0E9 1.0E9 1.0E9 6.0],[1.0E9 1.0E9 1.0E9 5.0],[1.0E9 1.0E9 1.0E9 7.0],[1.0E9 1.0E9 1.0E9 4.0]]
[[10.0 10.0 11.0 5.0],[8.0 10.0 5.0 5.0],[9.0 10.0 6.0 5.0],[11.0 7.0 7.0 6.0],[0.0 0.0 0.0 0.0],[11.0 12.0 8.0 5.0],[8.0 7.0 10.0 6.0],[11.0 9.0 9.0 5.0],[8.0 6.0 7.0 5.0],[8.0 8.0 7.0 5.0],[7.0 11.0 8.0 5.0],[10.0 8.0 11.0 5.0],[7.0 9.0 9.0 6.0],[10.0 7.0 6.0 3.0],[8.0 10.0 7.0 4.0],[7.0 7.0 11.0 4.0],[1.0E9 1.0E9 10.0 1.0E9],[1.0E9 1.0E9 10.0 5.0],[1.0E9 1.0E9 9.0 1.0E9],[1.0E9 1.0E9 12.0 6.0],[1.0E9 1.0E9 10.0 1.0E9],[1.0E9 1.0E9 9.0 1.0E9],[1.0E9 1.0E9 12.0 1.0E9],[1.0E9 1.0E9 10.0 1.0E9],[1.0E9 1.0E9 11.0 1.0E9],[1.0E9 1.0E9 1.0E9 9.0],[1.0E9 1.0E9 1.0E9 6.0],[1.0E9 1.0E9 1.0E9 5.0],[1.0E9 1.0E9 1.0E9 5.0],[1.0E9 1.0E9 1.0E9 6.0],[1.0E9 1.0E9 1.0E9 4.0],[1.0E9 1.0E9 1.0E9 6.0],[1.0E9 1.0E9 1.0E9 7.0],[1.0E9 1.0E9 1.0E9 3.0]]
[[11.0 8.0 8.0 4.0],[8.0 11.0 8.0 4.0],[11.0 10.0 9.0 5.0],[8.0 9.0 7.0 4.0],[5.0 6.0 6.0 3.0],[0.0 0.0 0.0 0.0],[12.0 7.0 7.0 6.0],[7.0 10.0 11.0 5.0],[10.0 8.0 8.0 4.0],[12.0 11.0 11.0 5.0],[11.0 8.0 8.0 5.0],[8.0 10.0 8.0 7.0],[12.0 11.0 7.0 5.0],[10.0 9.0 10.0 5.0],[12.0 7.0 10.0 6.0],[10.0 11.0 9.0 3.0],[1.0E9 1.0E9 7.0 1.0E9],[1.0E9 1.0E9 8.0 6.0],[1.0E9 1.0E9 12.0 1.0E9],[1.0E9 1.0E9 12.0 6.0],[1.0E9 1.0E9 11.0 1.0E9],[1.0E9 1.0E9 7.0 1.0E9],[1.0E9 1.0E9 12.0 1.0E9],[1.0E9 1.0E9 9.0 1.0E9],[1.0E9 1.0E9 11.0 1.0E9],[1.0E9 1.0E9 1.0E9 5.0],[1.0E9 1.0E9 1.0E9 5.0],[1.0E9 1.0E9 1.0E9 5.0],[1.0E9 1.0E9 1.0E9 6.0],[1.0E9 1.0E9 1.0E9 5.0],[1.0E9 1.0E9 1.0E9 6.0],[1.0E9 1.0E9 1.0E9 4.0],[1.0E9 1.0E9 1.0E9 6.0],[1.0E9 1.0E9 1.0E9 5.0]]
[[7.0 10.0 11.0 6.0],[10.0 7.0 10.0 4.0],[8.0 10.0 7.0 5.0],[10.0 8.0 8.0 5.0],[8.0 4.0 5.0 3.0],[10.0 7.0 7.0 5.0],[0.0 0.0 0.0 0.0],[7.0 12.0 8.0 6.0],[10.0 9.0 8.0 4.0],[9.0 12.0 9.0 5.0],[6.0 9.0 9.0 4.0],[11.0 7.0 10.0 6.0],[10.0 12.0 11.0 4.0],[11.0 12.0 8.0 4.0],[8.0 11.0 12.0 5.0],[11.0 8.0 6.0 4.0],[1.0E9 1.0E9 11.0 1.0E9],[1.0E9 1.0E9 8.0 5.0],[1.0E9 1.0E9 7.0 1.0E9],[1.0E9 1.0E9 7.0 7.0],[1.0E9 1.0E9 11.0 1.0E9],[1.0E9 1.0E9 9.0 1.0E9],[1.0E9 1.0E9 12.0 1.0E9],[1.0E9 1.0E9 7.0 1.0E9],[1.0E9 1.0E9 9.0 1.0E9],[1.0E9 1.0E9 1.0E9 9.0],[1.0E9 1.0E9 1.0E9 5.0],[1.0E9 1.0E9 1.0E9 4.0],[1.0E9 1.0E9 1.0E9 7.0],[1.0E9 1.0E9 1.0E9 5.0],[1.0E9 1.0E9 1.0E9 5.0],[1.0E9 1.0E9 1.0E9 6.0],[1.0E9 1.0E9 1.0E9 8.0],[1.0E9 1.0E9 1.0E9 5.0]]
[[8.0 11.0 7.0 7.0],[10.0 7.0 7.0 3.0],[11.0 8.0 8.0 3.0],[7.0 10.0 8.0 5.0],[7.0 6.0 4.0 3.0],[7.0 7.0 8.0 5.0],[12.0 9.0 7.0 5.0],[0.0 0.0 0.0 0.0],[7.0 6.0 6.0 4.0],[7.0 11.0 11.0 4.0],[11.0 11.0 10.0 4.0],[7.0 11.0 11.0 6.0],[9.0 9.0 8.0 5.0],[7.0 8.0 10.0 5.0],[7.0 10.0 11.0 7.0],[7.0 7.0 8.0 5.0],[1.0E9 1.0E9 10.0 1.0E9],[1.0E9 1.0E9 12.0 6.0],[1.0E9 1.0E9 9.0 1.0E9],[1.0E9 1.0E9 12.0 6.0],[1.0E9 1.0E9 8.0 1.0E9],[1.0E9 1.0E9 10.0 1.0E9],[1.0E9 1.0E9 8.0 1.0E9],[1.0E9 1.0E9 9.0 1.0E9],[1.0E9 1.0E9 11.0 1.0E9],[1.0E9 1.0E9 1.0E9 9.0],[1.0E9 1.0E9 1.0E9 8.0],[1.0E9 1.0E9 1.0E9 8.0],[1.0E9 1.0E9 1.0E9 4.0],[1.0E9 1.0E9 1.0E9 6.0],[1.0E9 1.0E9 1.0E9 6.0],[1.0E9 1.0E9 1.0E9 6.0],[1.0E9 1.0E9 1.0E9 5.0],[1.0E9 1.0E9 1.0E9 5.0]]
[[11.0 10.0 12.0 5.0],[9.0 9.0 8.0 5.0],[8.0 7.0 5.0 4.0],[12.0 7.0 9.0 6.0],[7.0 6.0 5.0 2.0],[11.0 12.0 7.0 5.0],[11.0 9.0 8.0 4.0],[7.0 11.0 8.0 6.0],[0.0 0.0 0.0 0.0],[10.0 11.0 8.0 7.0],[7.0 12.0 7.0 3.0],[9.0 7.0 11.0 6.0],[9.0 10.0 12.0 6.0],[8.0 11.0 8.0 5.0],[10.0 11.0 12.0 4.0],[10.0 7.0 8.0 4.0],[1.0E9 1.0E9 10.0 1.0E9],[1.0E9 1.0E9 7.0 6.0],[1.0E9 1.0E9 11.0 1.0E9],[1.0E9 1.0E9 8.0 5.0],[1.0E9 1.0E9 8.0 1.0E9],[1.0E9 1.0E9 8.0 1.0E9],[1.0E9 1.0E9 7.0 1.0E9],[1.0E9 1.0E9 12.0 1.0E9],[1.0E9 1.0E9 11.0 1.0E9],[1.0E9 1.0E9 1.0E9 5.0],[1.0E9 1.0E9 1.0E9 5.0],[1.0E9 1.0E9 1.0E9 7.0],[1.0E9 1.0E9 1.0E9 6.0],[1.0E9 1.0E9 1.0E9 5.0],[1.0E9 1.0E9 1.0E9 5.0],[1.0E9 1.0E9 1.0E9 6.0],[1.0E9 1.0E9 1.0E9 6.0],[1.0E9 1.0E9 1.0E9 5.0]]
[[10.0 9.0 12.0 6.0],[11.0 9.0 6.0 3.0],[10.0 11.0 8.0 4.0],[11.0 11.0 12.0 5.0],[7.0 6.0 4.0 3.0],[11.0 8.0 11.0 7.0],[8.0 7.0 10.0 6.0],[11.0 7.0 9.0 5.0],[10.0 6.0 7.0 3.0],[0.0 0.0 0.0 0.0],[10.0 10.0 8.0 3.0],[7.0 7.0 11.0 5.0],[7.0 12.0 8.0 6.0],[11.0 12.0 7.0 5.0],[10.0 7.0 7.0 5.0],[11.0 11.0 10.0 5.0],[1.0E9 1.0E9 10.0 1.0E9],[1.0E9 1.0E9 7.0 4.0],[1.0E9 1.0E9 12.0 1.0E9],[1.0E9 1.0E9 11.0 6.0],[1.0E9 1.0E9 12.0 1.0E9],[1.0E9 1.0E9 11.0 1.0E9],[1.0E9 1.0E9 11.0 1.0E9],[1.0E9 1.0E9 12.0 1.0E9],[1.0E9 1.0E9 11.0 1.0E9],[1.0E9 1.0E9 1.0E9 9.0],[1.0E9 1.0E9 1.0E9 7.0],[1.0E9 1.0E9 1.0E9 5.0],[1.0E9 1.0E9 1.0E9 5.0],[1.0E9 1.0E9 1.0E9 6.0],[1.0E9 1.0E9 1.0E9 5.0],[1.0E9 1.0E9 1.0E9 4.0],[1.0E9 1.0E9 1.0E9 5.0],[1.0E9 1.0E9 1.0E9 4.0]]
[[8.0 8.0 7.0 8.0],[10.0 7.0 10.0 4.0],[7.0 11.0 7.0 5.0],[7.0 7.0 10.0 7.0],[6.0 8.0 4.0 3.0],[11.0 11.0 12.0 5.0],[11.0 12.0 8.0 5.0],[8.0 7.0 7.0 5.0],[7.0 10.0 7.0 4.0],[7.0 7.0 10.0 4.0],[0.0 0.0 0.0 0.0],[7.0 12.0 12.0 6.0],[10.0 12.0 7.0 6.0],[11.0 8.0 8.0 4.0],[7.0 10.0 11.0 6.0],[11.0 8.0 10.0 5.0],[1.0E9 1.0E9 11.0 1.0E9],[1.0E9 1.0E9 9.0 5.0],[1.0E9 1.0E9 10.0 1.0E9],[1.0E9 1.0E9 7.0 4.0],[1.0E9 1.0E9 9.0 1.0E9],[1.0E9 1.0E9 6.0 1.0E9],[1.0E9 1.0E9 10.0 1.0E9],[1.0E9 1.0E9 11.0 1.0E9],[1.0E9 1.0E9 9.0 1.0E9],[1.0E9 1.0E9 1.0E9 8.0],[1.0E9 1.0E9 1.0E9 6.0],[1.0E9 1.0E9 1.0E9 8.0],[1.0E9 1.0E9 1.0E9 5.0],[1.0E9 1.0E9 1.0E9 8.0],[1.0E9 1.0E9 1.0E9 6.0],[1.0E9 1.0E9 1.0E9 6.0],[1.0E9 1.0E9 1.0E9 7.0],[1.0E9 1.0E9 1.0E9 4.0]]
[[10.0 12.0 10.0 5.0],[11.0 9.0 9.0 3.0],[9.0 11.0 10.0 4.0],[7.0 11.0 9.0 6.0],[5.0 6.0 6.0 3.0],[7.0 9.0 9.0 6.0],[8.0 8.0 7.0 6.0],[10.0 12.0 7.0 5.0],[10.0 6.0 5.0 3.0],[12.0 7.0 10.0 7.0],[8.0 7.0 8.0 4.0],[0.0 0.0 0.0 0.0],[11.0 7.0 12.0 4.0],[11.0 11.0 8.0 5.0],[9.0 8.0 7.0 6.0],[12.0 9.0 6.0 3.0],[1.0E9 1.0E9 8.0 1.0E9],[1.0E9 1.0E9 12.0 4.0],[1.0E9 1.0E9 8.0 1.0E9],[1.0E9 1.0E9 10.0 6.0],[1.0E9 1.0E9 10.0 1.0E9],[1.0E9 1.0E9 10.0 1.0E9],[1.0E9 1.0E9 9.0 1.0E9],[1.0E9 1.0E9 9.0 1.0E9],[1.0E9 1.0E9 10.0 1.0E9],[1.0E9 1.0E9 1.0E9 6.0],[1.0E9 1.0E9 1.0E9 8.0],[1.0E9 1.0E9 1.0E9 5.0],[1.0E9 1.0E9 1.0E9 7.0],[1.0E9 1.0E9 1.0E9 7.0],[1.0E9 1.0E9 1.0E9 6.0],[1.0E9 1.0E9 1.0E9 4.0],[1.0E9 1.0E9 1.0E9 6.0],[1.0E9 1.0E9 1.0E9 4.0]]
[[8.0 8.0 7.0 5.0],[12.0 11.0 7.0 4.0],[8.0 12.0 7.0 4.0],[10.0 7.0 11.0 5.0],[6.0 5.0 4.0 3.0],[9.0 9.0 7.0 6.0],[8.0 10.0 11.0 7.0],[11.0 10.0 8.0 5.0],[8.0 11.0 8.0 3.0],[7.0 7.0 11.0 7.0],[9.0 12.0 9.0 4.0],[12.0 11.0 7.0 6.0],[0.0 0.0 0.0 0.0],[9.0 10.0 8.0 5.0],[10.0 12.0 11.0 6.0],[7.0 8.0 8.0 5.0],[1.0E9 1.0E9 8.0 1.0E9],[1.0E9 1.0E9 9.0 5.0],[1.0E9 1.0E9 12.0 1.0E9],[1.0E9 1.0E9 9.0 4.0],[1.0E9 1.0E9 9.0 1.0E9],[1.0E9 1.0E9 9.0 1.0E9],[1.0E9 1.0E9 12.0 1.0E9],[1.0E9 1.0E9 10.0 1.0E9],[1.0E9 1.0E9 7.0 1.0E9],[1.0E9 1.0E9 1.0E9 8.0],[1.0E9 1.0E9 1.0E9 9.0],[1.0E9 1.0E9 1.0E9 4.0],[1.0E9 1.0E9 1.0E9 7.0],[1.0E9 1.0E9 1.0E9 9.0],[1.0E9 1.0E9 1.0E9 4.0],[1.0E9 1.0E9 1.0E9 6.0],[1.0E9 1.0E9 1.0E9 8.0],[1.0E9 1.0E9 1.0E9 5.0]]
[[11.0 12.0 10.0 4.0],[8.0 7.0 7.0 5.0],[10.0 8.0 6.0 3.0],[10.0 8.0 11.0 4.0],[5.0 6.0 5.0 3.0],[7.0 7.0 7.0 5.0],[8.0 11.0 11.0 5.0],[9.0 10.0 7.0 7.0],[10.0 9.0 8.0 4.0],[7.0 9.0 8.0 4.0],[12.0 10.0 9.0 4.0],[9.0 10.0 9.0 6.0],[10.0 8.0 7.0 6.0],[0.0 0.0 0.0 0.0],[12.0 9.0 10.0 6.0],[12.0 8.0 10.0 5.0],[1.0E9 1.0E9 7.0 1.0E9],[1.0E9 1.0E9 8.0 6.0],[1.0E9 1.0E9 11.0 1.0E9],[1.0E9 1.0E9 8.0 6.0],[1.0E9 1.0E9 7.0 1.0E9],[1.0E9 1.0E9 9.0 1.0E9],[1.0E9 1.0E9 11.0 1.0E9],[1.0E9 1.0E9 9.0 1.0E9],[1.0E9 1.0E9 10.0 1.0E9],[1.0E9 1.0E9 1.0E9 8.0],[1.0E9 1.0E9 1.0E9 6.0],[1.0E9 1.0E9 1.0E9 5.0],[1.0E9 1.0E9 1.0E9 5.0],[1.0E9 1.0E9 1.0E9 8.0],[1.0E9 1.0E9 1.0E9 6.0],[1.0E9 1.0E9 1.0E9 4.0],[1.0E9 1.0E9 1.0E9 8.0],[1.0E9 1.0E9 1.0E9 4.0]]
[[9.0 8.0 9.0 7.0],[9.0 8.0 7.0 5.0],[7.0 12.0 6.0 3.0],[9.0 11.0 11.0 5.0],[6.0 5.0 5.0 3.0],[8.0 10.0 7.0 7.0],[9.0 12.0 7.0 5.0],[9.0 12.0 12.0 5.0],[7.0 7.0 7.0 3.0],[7.0 9.0 8.0 6.0],[7.0 11.0 6.0 5.0],[11.0 7.0 12.0 6.0],[10.0 9.0 9.0 4.0],[11.0 7.0 11.0 5.0],[0.0 0.0 0.0 0.0],[7.0 7.0 8.0 4.0],[1.0E9 1.0E9 10.0 1.0E9],[1.0E9 1.0E9 12.0 5.0],[1.0E9 1.0E9 7.0 1.0E9],[1.0E9 1.0E9 8.0 6.0],[1.0E9 1.0E9 10.0 1.0E9],[1.0E9 1.0E9 9.0 1.0E9],[1.0E9 1.0E9 9.0 1.0E9],[1.0E9 1.0E9 12.0 1.0E9],[1.0E9 1.0E9 9.0 1.0E9],[1.0E9 1.0E9 1.0E9 9.0],[1.0E9 1.0E9 1.0E9 6.0],[1.0E9 1.0E9 1.0E9 7.0],[1.0E9 1.0E9 1.0E9 6.0],[1.0E9 1.0E9 1.0E9 7.0],[1.0E9 1.0E9 1.0E9 4.0],[1.0E9 1.0E9 1.0E9 4.0],[1.0E9 1.0E9 1.0E9 5.0],[1.0E9 1.0E9 1.0E9 4.0]]
[[7.0 8.0 12.0 5.0],[10.0 12.0 8.0 4.0],[7.0 7.0 9.0 5.0],[12.0 9.0 10.0 6.0],[5.0 5.0 5.0 2.0],[10.0 7.0 9.0 5.0],[11.0 9.0 8.0 7.0],[10.0 10.0 9.0 5.0],[8.0 9.0 7.0 4.0],[10.0 7.0 10.0 5.0],[10.0 8.0 9.0 4.0],[10.0 11.0 9.0 5.0],[8.0 12.0 7.0 4.0],[9.0 7.0 11.0 4.0],[12.0 7.0 11.0 5.0],[0.0 0.0 0.0 0.0],[1.0E9 1.0E9 8.0 1.0E9],[1.0E9 1.0E9 8.0 6.0],[1.0E9 1.0E9 12.0 1.0E9],[1.0E9 1.0E9 11.0 5.0],[1.0E9 1.0E9 12.0 1.0E9],[1.0E9 1.0E9 11.0 1.0E9],[1.0E9 1.0E9 9.0 1.0E9],[1.0E9 1.0E9 8.0 1.0E9],[1.0E9 1.0E9 11.0 1.0E9],[1.0E9 1.0E9 1.0E9 8.0],[1.0E9 1.0E9 1.0E9 8.0],[1.0E9 1.0E9 1.0E9 4.0],[1.0E9 1.0E9 1.0E9 5.0],[1.0E9 1.0E9 1.0E9 8.0],[1.0E9 1.0E9 1.0E9 6.0],[1.0E9 1.0E9 1.0E9 4.0],[1.0E9 1.0E9 1.0E9 6.0],[1.0E9 1.0E9 1.0E9 4.0]]
[[9.0 10.0 8.0 5.0],[12.0 8.0 7.0 3.0],[9.0 7.0 7.0 5.0],[10.0 9.0 11.0 6.0],[7.0 7.0 6.0 2.0],[7.0 12.0 11.0 4.0],[11.0 8.0 7.0 4.0],[7.0 11.0 11.0 4.0],[8.0 10.0 7.0 3.0],[11.0 10.0 11.0 7.0],[8.0 9.0 9.0 4.0],[12.0 12.0 7.0 8.0],[8.0 10.0 7.0 4.0],[7.0 10.0 10.0 4.0],[9.0 7.0 9.0 6.0],[7.0 8.0 6.0 4.0],[0.0 0.0 0.0 0.0],[1.0E9 1.0E9 9.0 4.0],[1.0E9 1.0E9 12.0 1.0E9],[1.0E9 1.0E9 7.0 4.0],[1.0E9 1.0E9 8.0 1.0E9],[1.0E9 1.0E9 9.0 1.0E9],[1.0E9 1.0E9 10.0 1.0E9],[1.0E9 1.0E9 9.0 1.0E9],[1.0E9 1.0E9 8.0 1.0E9],[1.0E9 1.0E9 1.0E9 8.0],[1.0E9 1.0E9 1.0E9 5.0],[1.0E9 1.0E9 1.0E9 7.0],[1.0E9 1.0E9 1.0E9 4.0],[1.0E9 1.0E9 1.0E9 7.0],[1.0E9 1.0E9 1.0E9 6.0],[1.0E9 1.0E9 1.0E9 5.0],[1.0E9 1.0E9 1.0E9 5.0],[1.0E9 1.0E9 1.0E9 4.0]]
[[12.0 9.0 11.0 7.0],[10.0 11.0 8.0 5.0],[10.0 7.0 5.0 5.0],[10.0 7.0 11.0 5.0],[6.0 7.0 5.0 2.0],[8.0 10.0 7.0 6.0],[12.0 7.0 7.0 5.0],[10.0 9.0 10.0 6.0],[6.0 6.0 8.0 3.0],[11.0 10.0 7.0 8.0],[11.0 9.0 8.0 4.0],[11.0 12.0 9.0 5.0],[10.0 8.0 10.0 4.0],[10.0 10.0 12.0 5.0],[9.0 10.0 8.0 4.0],[12.0 7.0 11.0 4.0],[1.0E9 1.0E9 7.0 1.0E9],[0.0 0.0 0.0 0.0],[1.0E9 1.0E9 8.0 1.0E9],[1.0E9 1.0E9 9.0 4.0],[1.0E9 1.0E9 11.0 1.0E9],[1.0E9 1.0E9 7.0 1.0E9],[1.0E9 1.0E9 9.0 1.0E9],[1.0E9 1.0E9 7.0 1.0E9],[1.0E9 1.0E9 8.0 1.0E9],[1.0E9 1.0E9 1.0E9 8.0],[1.0E9 1.0E9 1.0E9 7.0],[1.0E9 1.0E9 1.0E9 6.0],[1.0E9 1.0E9 1.0E9 4.0],[1.0E9 1.0E9 1.0E9 6.0],[1.0E9 1.0E9 1.0E9 6.0],[1.0E9 1.0E9 1.0E9 5.0],[1.0E9 1.0E9 1.0E9 6.0],[1.0E9 1.0E9 1.0E9 6.0]]
[[7.0 9.0 12.0 6.0],[9.0 7.0 7.0 4.0],[8.0 7.0 5.0 4.0],[8.0 10.0 8.0 6.0],[6.0 7.0 6.0 3.0],[10.0 11.0 7.0 5.0],[12.0 7.0 11.0 5.0],[10.0 10.0 8.0 5.0],[8.0 9.0 7.0 4.0],[9.0 10.0 8.0 6.0],[9.0 11.0 8.0 4.0],[12.0 8.0 12.0 6.0],[9.0 8.0 12.0 4.0],[7.0 12.0 11.0 4.0],[8.0 10.0 12.0 7.0],[11.0 11.0 8.0 5.0],[1.0E9 1.0E9 10.0 1.0E9],[1.0E9 1.0E9 11.0 4.0],[0.0 0.0 0.0 0.0],[1.0E9 1.0E9 10.0 7.0],[1.0E9 1.0E9 10.0 1.0E9],[1.0E9 1.0E9 8.0 1.0E9],[1.0E9 1.0E9 11.0 1.0E9],[1.0E9 1.0E9 10.0 1.0E9],[1.0E9 1.0E9 9.0 1.0E9],[1.0E9 1.0E9 1.0E9 5.0],[1.0E9 1.0E9 1.0E9 8.0],[1.0E9 1.0E9 1.0E9 6.0],[1.0E9 1.0E9 1.0E9 6.0],[1.0E9 1.0E9 1.0E9 7.0],[1.0E9 1.0E9 1.0E9 6.0],[1.0E9 1.0E9 1.0E9 4.0],[1.0E9 1.0E9 1.0E9 6.0],[1.0E9 1.0E9 1.0E9 4.0]]
[[9.0 8.0 8.0 7.0],[9.0 7.0 6.0 4.0],[9.0 9.0 8.0 4.0],[9.0 11.0 7.0 5.0],[6.0 6.0 4.0 2.0],[10.0 10.0 7.0 6.0],[12.0 10.0 8.0 7.0],[8.0 12.0 12.0 5.0],[10.0 6.0 7.0 4.0],[9.0 8.0 7.0 7.0],[7.0 7.0 9.0 4.0],[10.0 12.0 11.0 6.0],[11.0 7.0 9.0 6.0],[10.0 12.0 7.0 4.0],[8.0 9.0 10.0 4.0],[7.0 9.0 7.0 4.0],[1.0E9 1.0E9 9.0 1.0E9],[1.0E9 1.0E9 9.0 5.0],[1.0E9 1.0E9 12.0 1.0E9],[0.0 0.0 0.0 0.0],[1.0E9 1.0E9 12.0 1.0E9],[1.0E9 1.0E9 8.0 1.0E9],[1.0E9 1.0E9 12.0 1.0E9],[1.0E9 1.0E9 10.0 1.0E9],[1.0E9 1.0E9 11.0 1.0E9],[1.0E9 1.0E9 1.0E9 8.0],[1.0E9 1.0E9 1.0E9 7.0],[1.0E9 1.0E9 1.0E9 6.0],[1.0E9 1.0E9 1.0E9 6.0],[1.0E9 1.0E9 1.0E9 7.0],[1.0E9 1.0E9 1.0E9 4.0],[1.0E9 1.0E9 1.0E9 6.0],[1.0E9 1.0E9 1.0E9 4.0],[1.0E9 1.0E9 1.0E9 5.0]]
[[10.0 11.0 11.0 5.0],[7.0 9.0 6.0 4.0],[8.0 10.0 10.0 4.0],[12.0 9.0 8.0 6.0],[6.0 6.0 6.0 3.0],[12.0 9.0 11.0 5.0],[12.0 7.0 9.0 6.0],[8.0 11.0 9.0 4.0],[10.0 10.0 5.0 3.0],[9.0 8.0 8.0 6.0],[9.0 10.0 8.0 5.0],[11.0 7.0 11.0 5.0],[9.0 7.0 7.0 4.0],[12.0 12.0 10.0 6.0],[9.0 12.0 10.0 5.0],[10.0 9.0 11.0 5.0],[1.0E9 1.0E9 8.0 1.0E9],[1.0E9 1.0E9 9.0 5.0],[1.0E9 1.0E9 11.0 1.0E9],[1.0E9 1.0E9 8.0 6.0],[0.0 0.0 0.0 0.0],[1.0E9 1.0E9 11.0 1.0E9],[1.0E9 1.0E9 11.0 1.0E9],[1.0E9 1.0E9 8.0 1.0E9],[1.0E9 1.0E9 10.0 1.0E9],[1.0E9 1.0E9 1.0E9 5.0],[1.0E9 1.0E9 1.0E9 8.0],[1.0E9 1.0E9 1.0E9 6.0],[1.0E9 1.0E9 1.0E9 5.0],[1.0E9 1.0E9 1.0E9 9.0],[1.0E9 1.0E9 1.0E9 5.0],[1.0E9 1.0E9 1.0E9 4.0],[1.0E9 1.0E9 1.0E9 7.0],[1.0E9 1.0E9 1.0E9 4.0]]
[[8.0 7.0 7.0 5.0],[7.0 9.0 10.0 3.0],[10.0 9.0 7.0 4.0],[7.0 10.0 8.0 6.0],[5.0 6.0 6.0 3.0],[12.0 8.0 8.0 5.0],[10.0 7.0 10.0 6.0],[7.0 11.0 12.0 4.0],[6.0 7.0 7.0 4.0],[12.0 10.0 7.0 7.0],[7.0 11.0 9.0 4.0],[12.0 8.0 7.0 6.0],[7.0 10.0 10.0 6.0],[8.0 9.0 8.0 6.0],[11.0 12.0 12.0 5.0],[9.0 7.0 10.0 5.0],[1.0E9 1.0E9 11.0 1.0E9],[1.0E9 1.0E9 10.0 6.0],[1.0E9 1.0E9 7.0 1.0E9],[1.0E9 1.0E9 11.0 7.0],[1.0E9 1.0E9 10.0 1.0E9],[0.0 0.0 0.0 0.0],[1.0E9 1.0E9 11.0 1.0E9],[1.0E9 1.0E9 8.0 1.0E9],[1.0E9 1.0E9 9.0 1.0E9],[1.0E9 1.0E9 1.0E9 8.0],[1.0E9 1.0E9 1.0E9 6.0],[1.0E9 1.0E9 1.0E9 6.0],[1.0E9 1.0E9 1.0E9 6.0],[1.0E9 1.0E9 1.0E9 6.0],[1.0E9 1.0E9 1.0E9 6.0],[1.0E9 1.0E9 1.0E9 5.0],[1.0E9 1.0E9 1.0E9 6.0],[1.0E9 1.0E9 1.0E9 4.0]]
[[9.0 10.0 9.0 6.0],[11.0 10.0 9.0 4.0],[7.0 8.0 8.0 4.0],[9.0 7.0 7.0 5.0],[5.0 6.0 5.0 3.0],[8.0 9.0 11.0 6.0],[8.0 12.0 11.0 5.0],[10.0 10.0 7.0 6.0],[10.0 10.0 5.0 4.0],[10.0 11.0 9.0 6.0],[9.0 10.0 5.0 4.0],[12.0 10.0 7.0 6.0],[9.0 12.0 12.0 4.0],[7.0 10.0 11.0 6.0],[7.0 12.0 10.0 7.0],[8.0 12.0 7.0 6.0],[1.0E9 1.0E9 8.0 1.0E9],[1.0E9 1.0E9 11.0 6.0],[1.0E9 1.0E9 11.0 1.0E9],[1.0E9 1.0E9 7.0 5.0],[1.0E9 1.0E9 7.0 1.0E9],[1.0E9 1.0E9 11.0 1.0E9],[0.0 0.0 0.0 0.0],[1.0E9 1.0E9 10.0 1.0E9],[1.0E9 1.0E9 11.0 1.0E9],[1.0E9 1.0E9 1.0E9 7.0],[1.0E9 1.0E9 1.0E9 6.0],[1.0E9 1.0E9 1.0E9 7.0],[1.0E9 1.0E9 1.0E9 6.0],[1.0E9 1.0E9 1.0E9 8.0],[1.0E9 1.0E9 1.0E9 4.0],[1.0E9 1.0E9 1.0E9 5.0],[1.0E9 1.0E9 1.0E9 5.0],[1.0E9 1.0E9 1.0E9 4.0]]
[[10.0 11.0 12.0 7.0],[6.0 9.0 9.0 4.0],[8.0 12.0 6.0 4.0],[12.0 7.0 9.0 4.0],[6.0 6.0 6.0 2.0],[9.0 7.0 9.0 7.0],[7.0 9.0 7.0 7.0],[12.0 11.0 8.0 6.0],[8.0 9.0 5.0 3.0],[12.0 8.0 7.0 5.0],[8.0 7.0 8.0 5.0],[12.0 7.0 11.0 5.0],[10.0 8.0 10.0 6.0],[12.0 8.0 11.0 6.0],[9.0 9.0 7.0 4.0],[9.0 7.0 11.0 5.0],[1.0E9 1.0E9 11.0 1.0E9],[1.0E9 1.0E9 10.0 5.0],[1.0E9 1.0E9 7.0 1.0E9],[1.0E9 1.0E9 12.0 4.0],[1.0E9 1.0E9 10.0 1.0E9],[1.0E9 1.0E9 10.0 1.0E9],[1.0E9 1.0E9 9.0 1.0E9],[0.0 0.0 0.0 0.0],[1.0E9 1.0E9 12.0 1.0E9],[1.0E9 1.0E9 1.0E9 9.0],[1.0E9 1.0E9 1.0E9 8.0],[1.0E9 1.0E9 1.0E9 7.0],[1.0E9 1.0E9 1.0E9 6.0],[1.0E9 1.0E9 1.0E9 6.0],[1.0E9 1.0E9 1.0E9 5.0],[1.0E9 1.0E9 1.0E9 6.0],[1.0E9 1.0E9 1.0E9 8.0],[1.0E9 1.0E9 1.0E9 5.0]]
[[8.0 10.0 8.0 5.0],[7.0 10.0 6.0 3.0],[6.0 12.0 8.0 4.0],[8.0 9.0 7.0 5.0],[6.0 8.0 6.0 3.0],[11.0 12.0 7.0 5.0],[10.0 12.0 7.0 6.0],[8.0 9.0 9.0 5.0],[6.0 9.0 6.0 3.0],[10.0 12.0 11.0 6.0],[8.0 7.0 8.0 4.0],[12.0 9.0 12.0 6.0],[9.0 8.0 9.0 6.0],[8.0 7.0 7.0 5.0],[10.0 9.0 10.0 5.0],[9.0 9.0 10.0 4.0],[1.0E9 1.0E9 12.0 1.0E9],[1.0E9 1.0E9 9.0 4.0],[1.0E9 1.0E9 7.0 1.0E9],[1.0E9 1.0E9 10.0 5.0],[1.0E9 1.0E9 12.0 1.0E9],[1.0E9 1.0E9 10.0 1.0E9],[1.0E9 1.0E9 12.0 1.0E9],[1.0E9 1.0E9 10.0 1.0E9],[0.0 0.0 0.0 0.0],[1.0E9 1.0E9 1.0E9 9.0],[1.0E9 1.0E9 1.0E9 6.0],[1.0E9 1.0E9 1.0E9 6.0],[1.0E9 1.0E9 1.0E9 7.0],[1.0E9 1.0E9 1.0E9 5.0],[1.0E9 1.0E9 1.0E9 4.0],[1.0E9 1.0E9 1.0E9 5.0],[1.0E9 1.0E9 1.0E9 8.0],[1.0E9 1.0E9 1.0E9 6.0]]
[[11.0 11.0 8.0 7.0],[9.0 7.0 7.0 4.0],[9.0 9.0 10.0 3.0],[8.0 8.0 11.0 6.0],[6.0 7.0 6.0 2.0],[10.0 7.0 11.0 4.0],[8.0 12.0 8.0 5.0],[8.0 9.0 8.0 6.0],[8.0 7.0 8.0 3.0],[7.0 11.0 8.0 4.0],[12.0 10.0 6.0 5.0],[11.0 7.0 9.0 7.0],[11.0 7.0 9.0 5.0],[12.0 9.0 10.0 6.0],[7.0 7.0 11.0 5.0],[10.0 10.0 11.0 4.0],[1.0E9 1.0E9 11.0 1.0E9],[1.0E9 1.0E9 12.0 7.0],[1.0E9 1.0E9 11.0 1.0E9],[1.0E9 1.0E9 10.0 6.0],[1.0E9 1.0E9 12.0 1.0E9],[1.0E9 1.0E9 9.0 1.0E9],[1.0E9 1.0E9 8.0 1.0E9],[1.0E9 1.0E9 8.0 1.0E9],[1.0E9 1.0E9 12.0 1.0E9],[0.0 0.0 0.0 0.0],[1.0E9 1.0E9 1.0E9 7.0],[1.0E9 1.0E9 1.0E9 7.0],[1.0E9 1.0E9 1.0E9 5.0],[1.0E9 1.0E9 1.0E9 8.0],[1.0E9 1.0E9 1.0E9 6.0],[1.0E9 1.0E9 1.0E9 4.0],[1.0E9 1.0E9 1.0E9 6.0],[1.0E9 1.0E9 1.0E9 5.0]]
[[11.0 7.0 12.0 8.0],[11.0 8.0 8.0 4.0],[7.0 9.0 10.0 4.0],[10.0 10.0 8.0 5.0],[5.0 7.0 4.0 3.0],[12.0 11.0 8.0 5.0],[10.0 10.0 8.0 7.0],[11.0 10.0 10.0 4.0],[7.0 10.0 5.0 4.0],[8.0 9.0 11.0 6.0],[12.0 8.0 8.0 4.0],[8.0 8.0 12.0 5.0],[10.0 12.0 12.0 6.0],[8.0 8.0 9.0 5.0],[7.0 8.0 12.0 6.0],[10.0 12.0 7.0 3.0],[1.0E9 1.0E9 7.0 1.0E9],[1.0E9 1.0E9 8.0 6.0],[1.0E9 1.0E9 10.0 1.0E9],[1.0E9 1.0E9 8.0 7.0],[1.0E9 1.0E9 11.0 1.0E9],[1.0E9 1.0E9 11.0 1.0E9],[1.0E9 1.0E9 9.0 1.0E9],[1.0E9 1.0E9 9.0 1.0E9],[1.0E9 1.0E9 9.0 1.0E9],[1.0E9 1.0E9 1.0E9 6.0],[0.0 0.0 0.0 0.0],[1.0E9 1.0E9 1.0E9 5.0],[1.0E9 1.0E9 1.0E9 5.0],[1.0E9 1.0E9 1.0E9 6.0],[1.0E9 1.0E9 1.0E9 6.0],[1.0E9 1.0E9 1.0E9 6.0],[1.0E9 1.0E9 1.0E9 5.0],[1.0E9 1.0E9 1.0E9 5.0]]
[[8.0 7.0 9.0 5.0],[8.0 11.0 6.0 3.0],[11.0 9.0 8.0 4.0],[7.0 7.0 7.0 6.0],[7.0 6.0 4.0 2.0],[11.0 10.0 11.0 7.0],[10.0 8.0 8.0 6.0],[8.0 12.0 12.0 7.0],[8.0 11.0 7.0 3.0],[12.0 9.0 11.0 5.0],[11.0 10.0 7.0 4.0],[9.0 8.0 8.0 5.0],[11.0 7.0 12.0 4.0],[8.0 10.0 8.0 5.0],[12.0 9.0 7.0 6.0],[11.0 12.0 10.0 6.0],[1.0E9 1.0E9 10.0 1.0E9],[1.0E9 1.0E9 7.0 6.0],[1.0E9 1.0E9 9.0 1.0E9],[1.0E9 1.0E9 12.0 6.0],[1.0E9 1.0E9 12.0 1.0E9],[1.0E9 1.0E9 9.0 1.0E9],[1.0E9 1.0E9 12.0 1.0E9],[1.0E9 1.0E9 9.0 1.0E9],[1.0E9 1.0E9 9.0 1.0E9],[1.0E9 1.0E9 1.0E9 9.0],[1.0E9 1.0E9 1.0E9 8.0],[0.0 0.0 0.0 0.0],[1.0E9 1.0E9 1.0E9 4.0],[1.0E9 1.0E9 1.0E9 5.0],[1.0E9 1.0E9 1.0E9 5.0],[1.0E9 1.0E9 1.0E9 4.0],[1.0E9 1.0E9 1.0E9 7.0],[1.0E9 1.0E9 1.0E9 4.0]]
[[12.0 8.0 9.0 5.0],[6.0 10.0 6.0 3.0],[9.0 9.0 10.0 4.0],[12.0 12.0 10.0 5.0],[5.0 7.0 5.0 3.0],[10.0 9.0 8.0 6.0],[11.0 8.0 7.0 5.0],[7.0 12.0 11.0 5.0],[6.0 6.0 8.0 4.0],[7.0 12.0 7.0 5.0],[7.0 12.0 7.0 5.0],[7.0 10.0 11.0 5.0],[11.0 11.0 9.0 4.0],[8.0 11.0 9.0 5.0],[8.0 8.0 12.0 5.0],[9.0 7.0 7.0 6.0],[1.0E9 1.0E9 7.0 1.0E9],[1.0E9 1.0E9 7.0 4.0],[1.0E9 1.0E9 9.0 1.0E9],[1.0E9 1.0E9 8.0 5.0],[1.0E9 1.0E9 7.0 1.0E9],[1.0E9 1.0E9 7.0 1.0E9],[1.0E9 1.0E9 11.0 1.0E9],[1.0E9 1.0E9 7.0 1.0E9],[1.0E9 1.0E9 8.0 1.0E9],[1.0E9 1.0E9 1.0E9 9.0],[1.0E9 1.0E9 1.0E9 5.0],[1.0E9 1.0E9 1.0E9 6.0],[0.0 0.0 0.0 0.0],[1.0E9 1.0E9 1.0E9 8.0],[1.0E9 1.0E9 1.0E9 4.0],[1.0E9 1.0E9 1.0E9 5.0],[1.0E9 1.0E9 1.0E9 6.0],[1.0E9 1.0E9 1.0E9 4.0]]
[[7.0 10.0 9.0 7.0],[9.0 9.0 8.0 4.0],[10.0 7.0 8.0 5.0],[9.0 7.0 11.0 7.0],[6.0 5.0 4.0 3.0],[11.0 7.0 10.0 5.0],[11.0 7.0 8.0 6.0],[7.0 11.0 7.0 6.0],[8.0 8.0 6.0 4.0],[10.0 10.0 9.0 7.0],[7.0 11.0 8.0 4.0],[7.0 7.0 12.0 5.0],[12.0 7.0 12.0 6.0],[10.0 11.0 7.0 5.0],[10.0 9.0 9.0 5.0],[9.0 7.0 7.0 5.0],[1.0E9 1.0E9 7.0 1.0E9],[1.0E9 1.0E9 7.0 4.0],[1.0E9 1.0E9 10.0 1.0E9],[1.0E9 1.0E9 11.0 7.0],[1.0E9 1.0E9 9.0 1.0E9],[1.0E9 1.0E9 7.0 1.0E9],[1.0E9 1.0E9 11.0 1.0E9],[1.0E9 1.0E9 11.0 1.0E9],[1.0E9 1.0E9 7.0 1.0E9],[1.0E9 1.0E9 1.0E9 5.0],[1.0E9 1.0E9 1.0E9 7.0],[1.0E9 1.0E9 1.0E9 8.0],[1.0E9 1.0E9 1.0E9 6.0],[0.0 0.0 0.0 0.0],[1.0E9 1.0E9 1.0E9 4.0],[1.0E9 1.0E9 1.0E9 5.0],[1.0E9 1.0E9 1.0E9 5.0],[1.0E9 1.0E9 1.0E9 4.0]]
[[10.0 7.0 11.0 7.0],[9.0 8.0 8.0 5.0],[11.0 8.0 8.0 3.0],[12.0 7.0 9.0 6.0],[8.0 5.0 6.0 3.0],[8.0 12.0 8.0 6.0],[7.0 8.0 8.0 5.0],[9.0 10.0 11.0 4.0],[9.0 6.0 6.0 3.0],[7.0 8.0 12.0 6.0],[9.0 11.0 10.0 4.0],[11.0 12.0 8.0 4.0],[9.0 10.0 12.0 5.0],[10.0 11.0 9.0 6.0],[12.0 11.0 8.0 5.0],[9.0 8.0 10.0 3.0],[1.0E9 1.0E9 11.0 1.0E9],[1.0E9 1.0E9 7.0 6.0],[1.0E9 1.0E9 9.0 1.0E9],[1.0E9 1.0E9 7.0 5.0],[1.0E9 1.0E9 10.0 1.0E9],[1.0E9 1.0E9 11.0 1.0E9],[1.0E9 1.0E9 10.0 1.0E9],[1.0E9 1.0E9 8.0 1.0E9],[1.0E9 1.0E9 12.0 1.0E9],[1.0E9 1.0E9 1.0E9 7.0],[1.0E9 1.0E9 1.0E9 6.0],[1.0E9 1.0E9 1.0E9 6.0],[1.0E9 1.0E9 1.0E9 7.0],[1.0E9 1.0E9 1.0E9 5.0],[0.0 0.0 0.0 0.0],[1.0E9 1.0E9 1.0E9 6.0],[1.0E9 1.0E9 1.0E9 5.0],[1.0E9 1.0E9 1.0E9 4.0]]
[[7.0 10.0 12.0 6.0],[12.0 8.0 8.0 3.0],[7.0 10.0 9.0 4.0],[12.0 10.0 8.0 6.0],[8.0 8.0 6.0 3.0],[12.0 11.0 8.0 6.0],[7.0 8.0 8.0 6.0],[8.0 10.0 8.0 7.0],[9.0 8.0 8.0 3.0],[10.0 8.0 9.0 5.0],[12.0 7.0 8.0 4.0],[10.0 7.0 7.0 6.0],[10.0 10.0 8.0 6.0],[9.0 11.0 9.0 5.0],[12.0 8.0 9.0 4.0],[11.0 10.0 8.0 6.0],[1.0E9 1.0E9 8.0 1.0E9],[1.0E9 1.0E9 12.0 5.0],[1.0E9 1.0E9 12.0 1.0E9],[1.0E9 1.0E9 10.0 5.0],[1.0E9 1.0E9 7.0 1.0E9],[1.0E9 1.0E9 10.0 1.0E9],[1.0E9 1.0E9 9.0 1.0E9],[1.0E9 1.0E9 11.0 1.0E9],[1.0E9 1.0E9 10.0 1.0E9],[1.0E9 1.0E9 1.0E9 6.0],[1.0E9 1.0E9 1.0E9 6.0],[1.0E9 1.0E9 1.0E9 6.0],[1.0E9 1.0E9 1.0E9 4.0],[1.0E9 1.0E9 1.0E9 8.0],[1.0E9 1.0E9 1.0E9 5.0],[0.0 0.0 0.0 0.0],[1.0E9 1.0E9 1.0E9 6.0],[1.0E9 1.0E9 1.0E9 4.0]]
[[10.0 7.0 7.0 4.0],[11.0 11.0 8.0 5.0],[9.0 9.0 7.0 4.0],[9.0 10.0 10.0 6.0],[6.0 8.0 6.0 2.0],[12.0 8.0 12.0 6.0],[7.0 9.0 7.0 7.0],[7.0 11.0 8.0 4.0],[7.0 8.0 8.0 4.0],[12.0 11.0 8.0 4.0],[11.0 10.0 8.0 4.0],[10.0 8.0 8.0 7.0],[9.0 12.0 7.0 4.0],[8.0 12.0 8.0 4.0],[8.0 10.0 12.0 4.0],[9.0 10.0 10.0 4.0],[1.0E9 1.0E9 9.0 1.0E9],[1.0E9 1.0E9 7.0 5.0],[1.0E9 1.0E9 10.0 1.0E9],[1.0E9 1.0E9 8.0 7.0],[1.0E9 1.0E9 8.0 1.0E9],[1.0E9 1.0E9 11.0 1.0E9],[1.0E9 1.0E9 7.0 1.0E9],[1.0E9 1.0E9 9.0 1.0E9],[1.0E9 1.0E9 7.0 1.0E9],[1.0E9 1.0E9 1.0E9 8.0],[1.0E9 1.0E9 1.0E9 8.0],[1.0E9 1.0E9 1.0E9 6.0],[1.0E9 1.0E9 1.0E9 4.0],[1.0E9 1.0E9 1.0E9 7.0],[1.0E9 1.0E9 1.0E9 6.0],[1.0E9 1.0E9 1.0E9 5.0],[0.0 0.0 0.0 0.0],[1.0E9 1.0E9 1.0E9 4.0]]
[[9.0 8.0 9.0 4.0],[7.0 11.0 6.0 3.0],[10.0 8.0 8.0 3.0],[11.0 9.0 11.0 7.0],[5.0 5.0 5.0 3.0],[7.0 8.0 12.0 4.0],[12.0 7.0 9.0 5.0],[11.0 7.0 8.0 5.0],[8.0 10.0 7.0 4.0],[7.0 9.0 11.0 6.0],[12.0 9.0 7.0 5.0],[11.0 8.0 10.0 5.0],[10.0 10.0 12.0 5.0],[11.0 7.0 11.0 6.0],[9.0 8.0 9.0 4.0],[8.0 8.0 10.0 6.0],[1.0E9 1.0E9 9.0 1.0E9],[1.0E9 1.0E9 9.0 4.0],[1.0E9 1.0E9 12.0 1.0E9],[1.0E9 1.0E9 11.0 4.0],[1.0E9 1.0E9 12.0 1.0E9],[1.0E9 1.0E9 9.0 1.0E9],[1.0E9 1.0E9 11.0 1.0E9],[1.0E9 1.0E9 12.0 1.0E9],[1.0E9 1.0E9 11.0 1.0E9],[1.0E9 1.0E9 1.0E9 7.0],[1.0E9 1.0E9 1.0E9 7.0],[1.0E9 1.0E9 1.0E9 4.0],[1.0E9 1.0E9 1.0E9 4.0],[1.0E9 1.0E9 1.0E9 8.0],[1.0E9 1.0E9 1.0E9 5.0],[1.0E9 1.0E9 1.0E9 6.0],[1.0E9 1.0E9 1.0E9 5.0],[0.0 0.0 0.0 0.0]]];
Cijk = [[[0.0 0.0 0.0 0.0],[10.0 10.0 7.0 4.0],[9.0 11.0 7.0 3.0],[7.0 7.0 7.0 6.0],[6.0 6.0 4.0 3.0],[11.0 11.0 7.0 6.0],[9.0 8.0 8.0 6.0],[8.0 12.0 8.0 5.0],[9.0 6.0 6.0 3.0],[7.0 9.0 9.0 5.0],[8.0 7.0 8.0 5.0],[8.0 10.0 9.0 7.0],[8.0 8.0 7.0 6.0],[12.0 7.0 9.0 5.0],[9.0 9.0 12.0 7.0],[12.0 7.0 11.0 5.0],[1.0E9 1.0E9 11.0 1.0E9],[1.0E9 1.0E9 11.0 4.0],[1.0E9 1.0E9 9.0 1.0E9],[1.0E9 1.0E9 11.0 6.0],[1.0E9 1.0E9 8.0 1.0E9],[1.0E9 1.0E9 9.0 1.0E9],[1.0E9 1.0E9 11.0 1.0E9],[1.0E9 1.0E9 8.0 1.0E9],[1.0E9 1.0E9 10.0 1.0E9],[1.0E9 1.0E9 1.0E9 7.0],[1.0E9 1.0E9 1.0E9 5.0],[1.0E9 1.0E9 1.0E9 7.0],[1.0E9 1.0E9 1.0E9 5.0],[1.0E9 1.0E9 1.0E9 8.0],[1.0E9 1.0E9 1.0E9 6.0],[1.0E9 1.0E9 1.0E9 5.0],[1.0E9 1.0E9 1.0E9 5.0],[1.0E9 1.0E9 1.0E9 5.0]]
[[12.0 11.0 9.0 5.0],[0.0 0.0 0.0 0.0],[11.0 10.0 7.0 3.0],[9.0 12.0 8.0 5.0],[8.0 8.0 4.0 3.0],[9.0 11.0 10.0 5.0],[11.0 12.0 12.0 6.0],[12.0 7.0 7.0 4.0],[9.0 9.0 6.0 3.0],[7.0 8.0 10.0 7.0],[8.0 9.0 5.0 5.0],[12.0 8.0 11.0 6.0],[7.0 7.0 10.0 4.0],[7.0 11.0 7.0 3.0],[7.0 8.0 12.0 5.0],[9.0 11.0 10.0 4.0],[1.0E9 1.0E9 8.0 1.0E9],[1.0E9 1.0E9 9.0 7.0],[1.0E9 1.0E9 10.0 1.0E9],[1.0E9 1.0E9 11.0 6.0],[1.0E9 1.0E9 8.0 1.0E9],[1.0E9 1.0E9 7.0 1.0E9],[1.0E9 1.0E9 10.0 1.0E9],[1.0E9 1.0E9 11.0 1.0E9],[1.0E9 1.0E9 11.0 1.0E9],[1.0E9 1.0E9 1.0E9 9.0],[1.0E9 1.0E9 1.0E9 7.0],[1.0E9 1.0E9 1.0E9 5.0],[1.0E9 1.0E9 1.0E9 7.0],[1.0E9 1.0E9 1.0E9 7.0],[1.0E9 1.0E9 1.0E9 5.0],[1.0E9 1.0E9 1.0E9 6.0],[1.0E9 1.0E9 1.0E9 5.0],[1.0E9 1.0E9 1.0E9 6.0]]
[[11.0 10.0 9.0 7.0],[10.0 9.0 6.0 3.0],[0.0 0.0 0.0 0.0],[9.0 11.0 8.0 6.0],[7.0 6.0 6.0 2.0],[8.0 8.0 8.0 8.0],[7.0 9.0 7.0 5.0],[12.0 10.0 12.0 6.0],[6.0 7.0 6.0 4.0],[11.0 8.0 12.0 6.0],[10.0 8.0 8.0 3.0],[8.0 10.0 11.0 6.0],[9.0 7.0 7.0 6.0],[10.0 8.0 6.0 4.0],[12.0 11.0 11.0 5.0],[11.0 11.0 11.0 5.0],[1.0E9 1.0E9 11.0 1.0E9],[1.0E9 1.0E9 7.0 5.0],[1.0E9 1.0E9 7.0 1.0E9],[1.0E9 1.0E9 8.0 6.0],[1.0E9 1.0E9 12.0 1.0E9],[1.0E9 1.0E9 9.0 1.0E9],[1.0E9 1.0E9 11.0 1.0E9],[1.0E9 1.0E9 12.0 1.0E9],[1.0E9 1.0E9 11.0 1.0E9],[1.0E9 1.0E9 1.0E9 8.0],[1.0E9 1.0E9 1.0E9 6.0],[1.0E9 1.0E9 1.0E9 6.0],[1.0E9 1.0E9 1.0E9 6.0],[1.0E9 1.0E9 1.0E9 8.0],[1.0E9 1.0E9 1.0E9 5.0],[1.0E9 1.0E9 1.0E9 4.0],[1.0E9 1.0E9 1.0E9 6.0],[1.0E9 1.0E9 1.0E9 3.0]]
[[11.0 7.0 8.0 6.0],[7.0 8.0 8.0 3.0],[9.0 11.0 6.0 4.0],[0.0 0.0 0.0 0.0],[8.0 6.0 5.0 3.0],[8.0 9.0 8.0 4.0],[7.0 12.0 7.0 7.0],[9.0 8.0 7.0 6.0],[10.0 6.0 7.0 3.0],[9.0 9.0 12.0 5.0],[12.0 9.0 7.0 4.0],[7.0 11.0 11.0 7.0],[7.0 8.0 7.0 6.0],[12.0 11.0 6.0 6.0],[10.0 9.0 10.0 5.0],[8.0 8.0 9.0 4.0],[1.0E9 1.0E9 10.0 1.0E9],[1.0E9 1.0E9 12.0 5.0],[1.0E9 1.0E9 9.0 1.0E9],[1.0E9 1.0E9 11.0 6.0],[1.0E9 1.0E9 10.0 1.0E9],[1.0E9 1.0E9 6.0 1.0E9],[1.0E9 1.0E9 9.0 1.0E9],[1.0E9 1.0E9 12.0 1.0E9],[1.0E9 1.0E9 11.0 1.0E9],[1.0E9 1.0E9 1.0E9 8.0],[1.0E9 1.0E9 1.0E9 6.0],[1.0E9 1.0E9 1.0E9 6.0],[1.0E9 1.0E9 1.0E9 4.0],[1.0E9 1.0E9 1.0E9 8.0],[1.0E9 1.0E9 1.0E9 6.0],[1.0E9 1.0E9 1.0E9 5.0],[1.0E9 1.0E9 1.0E9 7.0],[1.0E9 1.0E9 1.0E9 4.0]]
[[10.0 10.0 11.0 5.0],[8.0 10.0 5.0 5.0],[9.0 10.0 6.0 5.0],[11.0 7.0 7.0 6.0],[0.0 0.0 0.0 0.0],[11.0 12.0 8.0 5.0],[8.0 7.0 10.0 6.0],[11.0 9.0 9.0 5.0],[8.0 6.0 7.0 5.0],[8.0 8.0 7.0 5.0],[7.0 11.0 8.0 5.0],[10.0 8.0 11.0 5.0],[7.0 9.0 9.0 6.0],[10.0 7.0 6.0 3.0],[8.0 10.0 7.0 4.0],[7.0 7.0 11.0 4.0],[1.0E9 1.0E9 10.0 1.0E9],[1.0E9 1.0E9 10.0 5.0],[1.0E9 1.0E9 9.0 1.0E9],[1.0E9 1.0E9 12.0 6.0],[1.0E9 1.0E9 10.0 1.0E9],[1.0E9 1.0E9 9.0 1.0E9],[1.0E9 1.0E9 12.0 1.0E9],[1.0E9 1.0E9 10.0 1.0E9],[1.0E9 1.0E9 11.0 1.0E9],[1.0E9 1.0E9 1.0E9 9.0],[1.0E9 1.0E9 1.0E9 6.0],[1.0E9 1.0E9 1.0E9 5.0],[1.0E9 1.0E9 1.0E9 5.0],[1.0E9 1.0E9 1.0E9 6.0],[1.0E9 1.0E9 1.0E9 4.0],[1.0E9 1.0E9 1.0E9 6.0],[1.0E9 1.0E9 1.0E9 7.0],[1.0E9 1.0E9 1.0E9 3.0]]
[[11.0 8.0 8.0 4.0],[8.0 11.0 8.0 4.0],[11.0 10.0 9.0 5.0],[8.0 9.0 7.0 4.0],[5.0 6.0 6.0 3.0],[0.0 0.0 0.0 0.0],[12.0 7.0 7.0 6.0],[7.0 10.0 11.0 5.0],[10.0 8.0 8.0 4.0],[12.0 11.0 11.0 5.0],[11.0 8.0 8.0 5.0],[8.0 10.0 8.0 7.0],[12.0 11.0 7.0 5.0],[10.0 9.0 10.0 5.0],[12.0 7.0 10.0 6.0],[10.0 11.0 9.0 3.0],[1.0E9 1.0E9 7.0 1.0E9],[1.0E9 1.0E9 8.0 6.0],[1.0E9 1.0E9 12.0 1.0E9],[1.0E9 1.0E9 12.0 6.0],[1.0E9 1.0E9 11.0 1.0E9],[1.0E9 1.0E9 7.0 1.0E9],[1.0E9 1.0E9 12.0 1.0E9],[1.0E9 1.0E9 9.0 1.0E9],[1.0E9 1.0E9 11.0 1.0E9],[1.0E9 1.0E9 1.0E9 5.0],[1.0E9 1.0E9 1.0E9 5.0],[1.0E9 1.0E9 1.0E9 5.0],[1.0E9 1.0E9 1.0E9 6.0],[1.0E9 1.0E9 1.0E9 5.0],[1.0E9 1.0E9 1.0E9 6.0],[1.0E9 1.0E9 1.0E9 4.0],[1.0E9 1.0E9 1.0E9 6.0],[1.0E9 1.0E9 1.0E9 5.0]]
[[7.0 10.0 11.0 6.0],[10.0 7.0 10.0 4.0],[8.0 10.0 7.0 5.0],[10.0 8.0 8.0 5.0],[8.0 4.0 5.0 3.0],[10.0 7.0 7.0 5.0],[0.0 0.0 0.0 0.0],[7.0 12.0 8.0 6.0],[10.0 9.0 8.0 4.0],[9.0 12.0 9.0 5.0],[6.0 9.0 9.0 4.0],[11.0 7.0 10.0 6.0],[10.0 12.0 11.0 4.0],[11.0 12.0 8.0 4.0],[8.0 11.0 12.0 5.0],[11.0 8.0 6.0 4.0],[1.0E9 1.0E9 11.0 1.0E9],[1.0E9 1.0E9 8.0 5.0],[1.0E9 1.0E9 7.0 1.0E9],[1.0E9 1.0E9 7.0 7.0],[1.0E9 1.0E9 11.0 1.0E9],[1.0E9 1.0E9 9.0 1.0E9],[1.0E9 1.0E9 12.0 1.0E9],[1.0E9 1.0E9 7.0 1.0E9],[1.0E9 1.0E9 9.0 1.0E9],[1.0E9 1.0E9 1.0E9 9.0],[1.0E9 1.0E9 1.0E9 5.0],[1.0E9 1.0E9 1.0E9 4.0],[1.0E9 1.0E9 1.0E9 7.0],[1.0E9 1.0E9 1.0E9 5.0],[1.0E9 1.0E9 1.0E9 5.0],[1.0E9 1.0E9 1.0E9 6.0],[1.0E9 1.0E9 1.0E9 8.0],[1.0E9 1.0E9 1.0E9 5.0]]
[[8.0 11.0 7.0 7.0],[10.0 7.0 7.0 3.0],[11.0 8.0 8.0 3.0],[7.0 10.0 8.0 5.0],[7.0 6.0 4.0 3.0],[7.0 7.0 8.0 5.0],[12.0 9.0 7.0 5.0],[0.0 0.0 0.0 0.0],[7.0 6.0 6.0 4.0],[7.0 11.0 11.0 4.0],[11.0 11.0 10.0 4.0],[7.0 11.0 11.0 6.0],[9.0 9.0 8.0 5.0],[7.0 8.0 10.0 5.0],[7.0 10.0 11.0 7.0],[7.0 7.0 8.0 5.0],[1.0E9 1.0E9 10.0 1.0E9],[1.0E9 1.0E9 12.0 6.0],[1.0E9 1.0E9 9.0 1.0E9],[1.0E9 1.0E9 12.0 6.0],[1.0E9 1.0E9 8.0 1.0E9],[1.0E9 1.0E9 10.0 1.0E9],[1.0E9 1.0E9 8.0 1.0E9],[1.0E9 1.0E9 9.0 1.0E9],[1.0E9 1.0E9 11.0 1.0E9],[1.0E9 1.0E9 1.0E9 9.0],[1.0E9 1.0E9 1.0E9 8.0],[1.0E9 1.0E9 1.0E9 8.0],[1.0E9 1.0E9 1.0E9 4.0],[1.0E9 1.0E9 1.0E9 6.0],[1.0E9 1.0E9 1.0E9 6.0],[1.0E9 1.0E9 1.0E9 6.0],[1.0E9 1.0E9 1.0E9 5.0],[1.0E9 1.0E9 1.0E9 5.0]]
[[11.0 10.0 12.0 5.0],[9.0 9.0 8.0 5.0],[8.0 7.0 5.0 4.0],[12.0 7.0 9.0 6.0],[7.0 6.0 5.0 2.0],[11.0 12.0 7.0 5.0],[11.0 9.0 8.0 4.0],[7.0 11.0 8.0 6.0],[0.0 0.0 0.0 0.0],[10.0 11.0 8.0 7.0],[7.0 12.0 7.0 3.0],[9.0 7.0 11.0 6.0],[9.0 10.0 12.0 6.0],[8.0 11.0 8.0 5.0],[10.0 11.0 12.0 4.0],[10.0 7.0 8.0 4.0],[1.0E9 1.0E9 10.0 1.0E9],[1.0E9 1.0E9 7.0 6.0],[1.0E9 1.0E9 11.0 1.0E9],[1.0E9 1.0E9 8.0 5.0],[1.0E9 1.0E9 8.0 1.0E9],[1.0E9 1.0E9 8.0 1.0E9],[1.0E9 1.0E9 7.0 1.0E9],[1.0E9 1.0E9 12.0 1.0E9],[1.0E9 1.0E9 11.0 1.0E9],[1.0E9 1.0E9 1.0E9 5.0],[1.0E9 1.0E9 1.0E9 5.0],[1.0E9 1.0E9 1.0E9 7.0],[1.0E9 1.0E9 1.0E9 6.0],[1.0E9 1.0E9 1.0E9 5.0],[1.0E9 1.0E9 1.0E9 5.0],[1.0E9 1.0E9 1.0E9 6.0],[1.0E9 1.0E9 1.0E9 6.0],[1.0E9 1.0E9 1.0E9 5.0]]
[[10.0 9.0 12.0 6.0],[11.0 9.0 6.0 3.0],[10.0 11.0 8.0 4.0],[11.0 11.0 12.0 5.0],[7.0 6.0 4.0 3.0],[11.0 8.0 11.0 7.0],[8.0 7.0 10.0 6.0],[11.0 7.0 9.0 5.0],[10.0 6.0 7.0 3.0],[0.0 0.0 0.0 0.0],[10.0 10.0 8.0 3.0],[7.0 7.0 11.0 5.0],[7.0 12.0 8.0 6.0],[11.0 12.0 7.0 5.0],[10.0 7.0 7.0 5.0],[11.0 11.0 10.0 5.0],[1.0E9 1.0E9 10.0 1.0E9],[1.0E9 1.0E9 7.0 4.0],[1.0E9 1.0E9 12.0 1.0E9],[1.0E9 1.0E9 11.0 6.0],[1.0E9 1.0E9 12.0 1.0E9],[1.0E9 1.0E9 11.0 1.0E9],[1.0E9 1.0E9 11.0 1.0E9],[1.0E9 1.0E9 12.0 1.0E9],[1.0E9 1.0E9 11.0 1.0E9],[1.0E9 1.0E9 1.0E9 9.0],[1.0E9 1.0E9 1.0E9 7.0],[1.0E9 1.0E9 1.0E9 5.0],[1.0E9 1.0E9 1.0E9 5.0],[1.0E9 1.0E9 1.0E9 6.0],[1.0E9 1.0E9 1.0E9 5.0],[1.0E9 1.0E9 1.0E9 4.0],[1.0E9 1.0E9 1.0E9 5.0],[1.0E9 1.0E9 1.0E9 4.0]]
[[8.0 8.0 7.0 8.0],[10.0 7.0 10.0 4.0],[7.0 11.0 7.0 5.0],[7.0 7.0 10.0 7.0],[6.0 8.0 4.0 3.0],[11.0 11.0 12.0 5.0],[11.0 12.0 8.0 5.0],[8.0 7.0 7.0 5.0],[7.0 10.0 7.0 4.0],[7.0 7.0 10.0 4.0],[0.0 0.0 0.0 0.0],[7.0 12.0 12.0 6.0],[10.0 12.0 7.0 6.0],[11.0 8.0 8.0 4.0],[7.0 10.0 11.0 6.0],[11.0 8.0 10.0 5.0],[1.0E9 1.0E9 11.0 1.0E9],[1.0E9 1.0E9 9.0 5.0],[1.0E9 1.0E9 10.0 1.0E9],[1.0E9 1.0E9 7.0 4.0],[1.0E9 1.0E9 9.0 1.0E9],[1.0E9 1.0E9 6.0 1.0E9],[1.0E9 1.0E9 10.0 1.0E9],[1.0E9 1.0E9 11.0 1.0E9],[1.0E9 1.0E9 9.0 1.0E9],[1.0E9 1.0E9 1.0E9 8.0],[1.0E9 1.0E9 1.0E9 6.0],[1.0E9 1.0E9 1.0E9 8.0],[1.0E9 1.0E9 1.0E9 5.0],[1.0E9 1.0E9 1.0E9 8.0],[1.0E9 1.0E9 1.0E9 6.0],[1.0E9 1.0E9 1.0E9 6.0],[1.0E9 1.0E9 1.0E9 7.0],[1.0E9 1.0E9 1.0E9 4.0]]
[[10.0 12.0 10.0 5.0],[11.0 9.0 9.0 3.0],[9.0 11.0 10.0 4.0],[7.0 11.0 9.0 6.0],[5.0 6.0 6.0 3.0],[7.0 9.0 9.0 6.0],[8.0 8.0 7.0 6.0],[10.0 12.0 7.0 5.0],[10.0 6.0 5.0 3.0],[12.0 7.0 10.0 7.0],[8.0 7.0 8.0 4.0],[0.0 0.0 0.0 0.0],[11.0 7.0 12.0 4.0],[11.0 11.0 8.0 5.0],[9.0 8.0 7.0 6.0],[12.0 9.0 6.0 3.0],[1.0E9 1.0E9 8.0 1.0E9],[1.0E9 1.0E9 12.0 4.0],[1.0E9 1.0E9 8.0 1.0E9],[1.0E9 1.0E9 10.0 6.0],[1.0E9 1.0E9 10.0 1.0E9],[1.0E9 1.0E9 10.0 1.0E9],[1.0E9 1.0E9 9.0 1.0E9],[1.0E9 1.0E9 9.0 1.0E9],[1.0E9 1.0E9 10.0 1.0E9],[1.0E9 1.0E9 1.0E9 6.0],[1.0E9 1.0E9 1.0E9 8.0],[1.0E9 1.0E9 1.0E9 5.0],[1.0E9 1.0E9 1.0E9 7.0],[1.0E9 1.0E9 1.0E9 7.0],[1.0E9 1.0E9 1.0E9 6.0],[1.0E9 1.0E9 1.0E9 4.0],[1.0E9 1.0E9 1.0E9 6.0],[1.0E9 1.0E9 1.0E9 4.0]]
[[8.0 8.0 7.0 5.0],[12.0 11.0 7.0 4.0],[8.0 12.0 7.0 4.0],[10.0 7.0 11.0 5.0],[6.0 5.0 4.0 3.0],[9.0 9.0 7.0 6.0],[8.0 10.0 11.0 7.0],[11.0 10.0 8.0 5.0],[8.0 11.0 8.0 3.0],[7.0 7.0 11.0 7.0],[9.0 12.0 9.0 4.0],[12.0 11.0 7.0 6.0],[0.0 0.0 0.0 0.0],[9.0 10.0 8.0 5.0],[10.0 12.0 11.0 6.0],[7.0 8.0 8.0 5.0],[1.0E9 1.0E9 8.0 1.0E9],[1.0E9 1.0E9 9.0 5.0],[1.0E9 1.0E9 12.0 1.0E9],[1.0E9 1.0E9 9.0 4.0],[1.0E9 1.0E9 9.0 1.0E9],[1.0E9 1.0E9 9.0 1.0E9],[1.0E9 1.0E9 12.0 1.0E9],[1.0E9 1.0E9 10.0 1.0E9],[1.0E9 1.0E9 7.0 1.0E9],[1.0E9 1.0E9 1.0E9 8.0],[1.0E9 1.0E9 1.0E9 9.0],[1.0E9 1.0E9 1.0E9 4.0],[1.0E9 1.0E9 1.0E9 7.0],[1.0E9 1.0E9 1.0E9 9.0],[1.0E9 1.0E9 1.0E9 4.0],[1.0E9 1.0E9 1.0E9 6.0],[1.0E9 1.0E9 1.0E9 8.0],[1.0E9 1.0E9 1.0E9 5.0]]
[[11.0 12.0 10.0 4.0],[8.0 7.0 7.0 5.0],[10.0 8.0 6.0 3.0],[10.0 8.0 11.0 4.0],[5.0 6.0 5.0 3.0],[7.0 7.0 7.0 5.0],[8.0 11.0 11.0 5.0],[9.0 10.0 7.0 7.0],[10.0 9.0 8.0 4.0],[7.0 9.0 8.0 4.0],[12.0 10.0 9.0 4.0],[9.0 10.0 9.0 6.0],[10.0 8.0 7.0 6.0],[0.0 0.0 0.0 0.0],[12.0 9.0 10.0 6.0],[12.0 8.0 10.0 5.0],[1.0E9 1.0E9 7.0 1.0E9],[1.0E9 1.0E9 8.0 6.0],[1.0E9 1.0E9 11.0 1.0E9],[1.0E9 1.0E9 8.0 6.0],[1.0E9 1.0E9 7.0 1.0E9],[1.0E9 1.0E9 9.0 1.0E9],[1.0E9 1.0E9 11.0 1.0E9],[1.0E9 1.0E9 9.0 1.0E9],[1.0E9 1.0E9 10.0 1.0E9],[1.0E9 1.0E9 1.0E9 8.0],[1.0E9 1.0E9 1.0E9 6.0],[1.0E9 1.0E9 1.0E9 5.0],[1.0E9 1.0E9 1.0E9 5.0],[1.0E9 1.0E9 1.0E9 8.0],[1.0E9 1.0E9 1.0E9 6.0],[1.0E9 1.0E9 1.0E9 4.0],[1.0E9 1.0E9 1.0E9 8.0],[1.0E9 1.0E9 1.0E9 4.0]]
[[9.0 8.0 9.0 7.0],[9.0 8.0 7.0 5.0],[7.0 12.0 6.0 3.0],[9.0 11.0 11.0 5.0],[6.0 5.0 5.0 3.0],[8.0 10.0 7.0 7.0],[9.0 12.0 7.0 5.0],[9.0 12.0 12.0 5.0],[7.0 7.0 7.0 3.0],[7.0 9.0 8.0 6.0],[7.0 11.0 6.0 5.0],[11.0 7.0 12.0 6.0],[10.0 9.0 9.0 4.0],[11.0 7.0 11.0 5.0],[0.0 0.0 0.0 0.0],[7.0 7.0 8.0 4.0],[1.0E9 1.0E9 10.0 1.0E9],[1.0E9 1.0E9 12.0 5.0],[1.0E9 1.0E9 7.0 1.0E9],[1.0E9 1.0E9 8.0 6.0],[1.0E9 1.0E9 10.0 1.0E9],[1.0E9 1.0E9 9.0 1.0E9],[1.0E9 1.0E9 9.0 1.0E9],[1.0E9 1.0E9 12.0 1.0E9],[1.0E9 1.0E9 9.0 1.0E9],[1.0E9 1.0E9 1.0E9 9.0],[1.0E9 1.0E9 1.0E9 6.0],[1.0E9 1.0E9 1.0E9 7.0],[1.0E9 1.0E9 1.0E9 6.0],[1.0E9 1.0E9 1.0E9 7.0],[1.0E9 1.0E9 1.0E9 4.0],[1.0E9 1.0E9 1.0E9 4.0],[1.0E9 1.0E9 1.0E9 5.0],[1.0E9 1.0E9 1.0E9 4.0]]
[[7.0 8.0 12.0 5.0],[10.0 12.0 8.0 4.0],[7.0 7.0 9.0 5.0],[12.0 9.0 10.0 6.0],[5.0 5.0 5.0 2.0],[10.0 7.0 9.0 5.0],[11.0 9.0 8.0 7.0],[10.0 10.0 9.0 5.0],[8.0 9.0 7.0 4.0],[10.0 7.0 10.0 5.0],[10.0 8.0 9.0 4.0],[10.0 11.0 9.0 5.0],[8.0 12.0 7.0 4.0],[9.0 7.0 11.0 4.0],[12.0 7.0 11.0 5.0],[0.0 0.0 0.0 0.0],[1.0E9 1.0E9 8.0 1.0E9],[1.0E9 1.0E9 8.0 6.0],[1.0E9 1.0E9 12.0 1.0E9],[1.0E9 1.0E9 11.0 5.0],[1.0E9 1.0E9 12.0 1.0E9],[1.0E9 1.0E9 11.0 1.0E9],[1.0E9 1.0E9 9.0 1.0E9],[1.0E9 1.0E9 8.0 1.0E9],[1.0E9 1.0E9 11.0 1.0E9],[1.0E9 1.0E9 1.0E9 8.0],[1.0E9 1.0E9 1.0E9 8.0],[1.0E9 1.0E9 1.0E9 4.0],[1.0E9 1.0E9 1.0E9 5.0],[1.0E9 1.0E9 1.0E9 8.0],[1.0E9 1.0E9 1.0E9 6.0],[1.0E9 1.0E9 1.0E9 4.0],[1.0E9 1.0E9 1.0E9 6.0],[1.0E9 1.0E9 1.0E9 4.0]]
[[9.0 10.0 8.0 5.0],[12.0 8.0 7.0 3.0],[9.0 7.0 7.0 5.0],[10.0 9.0 11.0 6.0],[7.0 7.0 6.0 2.0],[7.0 12.0 11.0 4.0],[11.0 8.0 7.0 4.0],[7.0 11.0 11.0 4.0],[8.0 10.0 7.0 3.0],[11.0 10.0 11.0 7.0],[8.0 9.0 9.0 4.0],[12.0 12.0 7.0 8.0],[8.0 10.0 7.0 4.0],[7.0 10.0 10.0 4.0],[9.0 7.0 9.0 6.0],[7.0 8.0 6.0 4.0],[0.0 0.0 0.0 0.0],[1.0E9 1.0E9 9.0 4.0],[1.0E9 1.0E9 12.0 1.0E9],[1.0E9 1.0E9 7.0 4.0],[1.0E9 1.0E9 8.0 1.0E9],[1.0E9 1.0E9 9.0 1.0E9],[1.0E9 1.0E9 10.0 1.0E9],[1.0E9 1.0E9 9.0 1.0E9],[1.0E9 1.0E9 8.0 1.0E9],[1.0E9 1.0E9 1.0E9 8.0],[1.0E9 1.0E9 1.0E9 5.0],[1.0E9 1.0E9 1.0E9 7.0],[1.0E9 1.0E9 1.0E9 4.0],[1.0E9 1.0E9 1.0E9 7.0],[1.0E9 1.0E9 1.0E9 6.0],[1.0E9 1.0E9 1.0E9 5.0],[1.0E9 1.0E9 1.0E9 5.0],[1.0E9 1.0E9 1.0E9 4.0]]
[[12.0 9.0 11.0 7.0],[10.0 11.0 8.0 5.0],[10.0 7.0 5.0 5.0],[10.0 7.0 11.0 5.0],[6.0 7.0 5.0 2.0],[8.0 10.0 7.0 6.0],[12.0 7.0 7.0 5.0],[10.0 9.0 10.0 6.0],[6.0 6.0 8.0 3.0],[11.0 10.0 7.0 8.0],[11.0 9.0 8.0 4.0],[11.0 12.0 9.0 5.0],[10.0 8.0 10.0 4.0],[10.0 10.0 12.0 5.0],[9.0 10.0 8.0 4.0],[12.0 7.0 11.0 4.0],[1.0E9 1.0E9 7.0 1.0E9],[0.0 0.0 0.0 0.0],[1.0E9 1.0E9 8.0 1.0E9],[1.0E9 1.0E9 9.0 4.0],[1.0E9 1.0E9 11.0 1.0E9],[1.0E9 1.0E9 7.0 1.0E9],[1.0E9 1.0E9 9.0 1.0E9],[1.0E9 1.0E9 7.0 1.0E9],[1.0E9 1.0E9 8.0 1.0E9],[1.0E9 1.0E9 1.0E9 8.0],[1.0E9 1.0E9 1.0E9 7.0],[1.0E9 1.0E9 1.0E9 6.0],[1.0E9 1.0E9 1.0E9 4.0],[1.0E9 1.0E9 1.0E9 6.0],[1.0E9 1.0E9 1.0E9 6.0],[1.0E9 1.0E9 1.0E9 5.0],[1.0E9 1.0E9 1.0E9 6.0],[1.0E9 1.0E9 1.0E9 6.0]]
[[7.0 9.0 12.0 6.0],[9.0 7.0 7.0 4.0],[8.0 7.0 5.0 4.0],[8.0 10.0 8.0 6.0],[6.0 7.0 6.0 3.0],[10.0 11.0 7.0 5.0],[12.0 7.0 11.0 5.0],[10.0 10.0 8.0 5.0],[8.0 9.0 7.0 4.0],[9.0 10.0 8.0 6.0],[9.0 11.0 8.0 4.0],[12.0 8.0 12.0 6.0],[9.0 8.0 12.0 4.0],[7.0 12.0 11.0 4.0],[8.0 10.0 12.0 7.0],[11.0 11.0 8.0 5.0],[1.0E9 1.0E9 10.0 1.0E9],[1.0E9 1.0E9 11.0 4.0],[0.0 0.0 0.0 0.0],[1.0E9 1.0E9 10.0 7.0],[1.0E9 1.0E9 10.0 1.0E9],[1.0E9 1.0E9 8.0 1.0E9],[1.0E9 1.0E9 11.0 1.0E9],[1.0E9 1.0E9 10.0 1.0E9],[1.0E9 1.0E9 9.0 1.0E9],[1.0E9 1.0E9 1.0E9 5.0],[1.0E9 1.0E9 1.0E9 8.0],[1.0E9 1.0E9 1.0E9 6.0],[1.0E9 1.0E9 1.0E9 6.0],[1.0E9 1.0E9 1.0E9 7.0],[1.0E9 1.0E9 1.0E9 6.0],[1.0E9 1.0E9 1.0E9 4.0],[1.0E9 1.0E9 1.0E9 6.0],[1.0E9 1.0E9 1.0E9 4.0]]
[[9.0 8.0 8.0 7.0],[9.0 7.0 6.0 4.0],[9.0 9.0 8.0 4.0],[9.0 11.0 7.0 5.0],[6.0 6.0 4.0 2.0],[10.0 10.0 7.0 6.0],[12.0 10.0 8.0 7.0],[8.0 12.0 12.0 5.0],[10.0 6.0 7.0 4.0],[9.0 8.0 7.0 7.0],[7.0 7.0 9.0 4.0],[10.0 12.0 11.0 6.0],[11.0 7.0 9.0 6.0],[10.0 12.0 7.0 4.0],[8.0 9.0 10.0 4.0],[7.0 9.0 7.0 4.0],[1.0E9 1.0E9 9.0 1.0E9],[1.0E9 1.0E9 9.0 5.0],[1.0E9 1.0E9 12.0 1.0E9],[0.0 0.0 0.0 0.0],[1.0E9 1.0E9 12.0 1.0E9],[1.0E9 1.0E9 8.0 1.0E9],[1.0E9 1.0E9 12.0 1.0E9],[1.0E9 1.0E9 10.0 1.0E9],[1.0E9 1.0E9 11.0 1.0E9],[1.0E9 1.0E9 1.0E9 8.0],[1.0E9 1.0E9 1.0E9 7.0],[1.0E9 1.0E9 1.0E9 6.0],[1.0E9 1.0E9 1.0E9 6.0],[1.0E9 1.0E9 1.0E9 7.0],[1.0E9 1.0E9 1.0E9 4.0],[1.0E9 1.0E9 1.0E9 6.0],[1.0E9 1.0E9 1.0E9 4.0],[1.0E9 1.0E9 1.0E9 5.0]]
[[10.0 11.0 11.0 5.0],[7.0 9.0 6.0 4.0],[8.0 10.0 10.0 4.0],[12.0 9.0 8.0 6.0],[6.0 6.0 6.0 3.0],[12.0 9.0 11.0 5.0],[12.0 7.0 9.0 6.0],[8.0 11.0 9.0 4.0],[10.0 10.0 5.0 3.0],[9.0 8.0 8.0 6.0],[9.0 10.0 8.0 5.0],[11.0 7.0 11.0 5.0],[9.0 7.0 7.0 4.0],[12.0 12.0 10.0 6.0],[9.0 12.0 10.0 5.0],[10.0 9.0 11.0 5.0],[1.0E9 1.0E9 8.0 1.0E9],[1.0E9 1.0E9 9.0 5.0],[1.0E9 1.0E9 11.0 1.0E9],[1.0E9 1.0E9 8.0 6.0],[0.0 0.0 0.0 0.0],[1.0E9 1.0E9 11.0 1.0E9],[1.0E9 1.0E9 11.0 1.0E9],[1.0E9 1.0E9 8.0 1.0E9],[1.0E9 1.0E9 10.0 1.0E9],[1.0E9 1.0E9 1.0E9 5.0],[1.0E9 1.0E9 1.0E9 8.0],[1.0E9 1.0E9 1.0E9 6.0],[1.0E9 1.0E9 1.0E9 5.0],[1.0E9 1.0E9 1.0E9 9.0],[1.0E9 1.0E9 1.0E9 5.0],[1.0E9 1.0E9 1.0E9 4.0],[1.0E9 1.0E9 1.0E9 7.0],[1.0E9 1.0E9 1.0E9 4.0]]
[[8.0 7.0 7.0 5.0],[7.0 9.0 10.0 3.0],[10.0 9.0 7.0 4.0],[7.0 10.0 8.0 6.0],[5.0 6.0 6.0 3.0],[12.0 8.0 8.0 5.0],[10.0 7.0 10.0 6.0],[7.0 11.0 12.0 4.0],[6.0 7.0 7.0 4.0],[12.0 10.0 7.0 7.0],[7.0 11.0 9.0 4.0],[12.0 8.0 7.0 6.0],[7.0 10.0 10.0 6.0],[8.0 9.0 8.0 6.0],[11.0 12.0 12.0 5.0],[9.0 7.0 10.0 5.0],[1.0E9 1.0E9 11.0 1.0E9],[1.0E9 1.0E9 10.0 6.0],[1.0E9 1.0E9 7.0 1.0E9],[1.0E9 1.0E9 11.0 7.0],[1.0E9 1.0E9 10.0 1.0E9],[0.0 0.0 0.0 0.0],[1.0E9 1.0E9 11.0 1.0E9],[1.0E9 1.0E9 8.0 1.0E9],[1.0E9 1.0E9 9.0 1.0E9],[1.0E9 1.0E9 1.0E9 8.0],[1.0E9 1.0E9 1.0E9 6.0],[1.0E9 1.0E9 1.0E9 6.0],[1.0E9 1.0E9 1.0E9 6.0],[1.0E9 1.0E9 1.0E9 6.0],[1.0E9 1.0E9 1.0E9 6.0],[1.0E9 1.0E9 1.0E9 5.0],[1.0E9 1.0E9 1.0E9 6.0],[1.0E9 1.0E9 1.0E9 4.0]]
[[9.0 10.0 9.0 6.0],[11.0 10.0 9.0 4.0],[7.0 8.0 8.0 4.0],[9.0 7.0 7.0 5.0],[5.0 6.0 5.0 3.0],[8.0 9.0 11.0 6.0],[8.0 12.0 11.0 5.0],[10.0 10.0 7.0 6.0],[10.0 10.0 5.0 4.0],[10.0 11.0 9.0 6.0],[9.0 10.0 5.0 4.0],[12.0 10.0 7.0 6.0],[9.0 12.0 12.0 4.0],[7.0 10.0 11.0 6.0],[7.0 12.0 10.0 7.0],[8.0 12.0 7.0 6.0],[1.0E9 1.0E9 8.0 1.0E9],[1.0E9 1.0E9 11.0 6.0],[1.0E9 1.0E9 11.0 1.0E9],[1.0E9 1.0E9 7.0 5.0],[1.0E9 1.0E9 7.0 1.0E9],[1.0E9 1.0E9 11.0 1.0E9],[0.0 0.0 0.0 0.0],[1.0E9 1.0E9 10.0 1.0E9],[1.0E9 1.0E9 11.0 1.0E9],[1.0E9 1.0E9 1.0E9 7.0],[1.0E9 1.0E9 1.0E9 6.0],[1.0E9 1.0E9 1.0E9 7.0],[1.0E9 1.0E9 1.0E9 6.0],[1.0E9 1.0E9 1.0E9 8.0],[1.0E9 1.0E9 1.0E9 4.0],[1.0E9 1.0E9 1.0E9 5.0],[1.0E9 1.0E9 1.0E9 5.0],[1.0E9 1.0E9 1.0E9 4.0]]
[[10.0 11.0 12.0 7.0],[6.0 9.0 9.0 4.0],[8.0 12.0 6.0 4.0],[12.0 7.0 9.0 4.0],[6.0 6.0 6.0 2.0],[9.0 7.0 9.0 7.0],[7.0 9.0 7.0 7.0],[12.0 11.0 8.0 6.0],[8.0 9.0 5.0 3.0],[12.0 8.0 7.0 5.0],[8.0 7.0 8.0 5.0],[12.0 7.0 11.0 5.0],[10.0 8.0 10.0 6.0],[12.0 8.0 11.0 6.0],[9.0 9.0 7.0 4.0],[9.0 7.0 11.0 5.0],[1.0E9 1.0E9 11.0 1.0E9],[1.0E9 1.0E9 10.0 5.0],[1.0E9 1.0E9 7.0 1.0E9],[1.0E9 1.0E9 12.0 4.0],[1.0E9 1.0E9 10.0 1.0E9],[1.0E9 1.0E9 10.0 1.0E9],[1.0E9 1.0E9 9.0 1.0E9],[0.0 0.0 0.0 0.0],[1.0E9 1.0E9 12.0 1.0E9],[1.0E9 1.0E9 1.0E9 9.0],[1.0E9 1.0E9 1.0E9 8.0],[1.0E9 1.0E9 1.0E9 7.0],[1.0E9 1.0E9 1.0E9 6.0],[1.0E9 1.0E9 1.0E9 6.0],[1.0E9 1.0E9 1.0E9 5.0],[1.0E9 1.0E9 1.0E9 6.0],[1.0E9 1.0E9 1.0E9 8.0],[1.0E9 1.0E9 1.0E9 5.0]]
[[8.0 10.0 8.0 5.0],[7.0 10.0 6.0 3.0],[6.0 12.0 8.0 4.0],[8.0 9.0 7.0 5.0],[6.0 8.0 6.0 3.0],[11.0 12.0 7.0 5.0],[10.0 12.0 7.0 6.0],[8.0 9.0 9.0 5.0],[6.0 9.0 6.0 3.0],[10.0 12.0 11.0 6.0],[8.0 7.0 8.0 4.0],[12.0 9.0 12.0 6.0],[9.0 8.0 9.0 6.0],[8.0 7.0 7.0 5.0],[10.0 9.0 10.0 5.0],[9.0 9.0 10.0 4.0],[1.0E9 1.0E9 12.0 1.0E9],[1.0E9 1.0E9 9.0 4.0],[1.0E9 1.0E9 7.0 1.0E9],[1.0E9 1.0E9 10.0 5.0],[1.0E9 1.0E9 12.0 1.0E9],[1.0E9 1.0E9 10.0 1.0E9],[1.0E9 1.0E9 12.0 1.0E9],[1.0E9 1.0E9 10.0 1.0E9],[0.0 0.0 0.0 0.0],[1.0E9 1.0E9 1.0E9 9.0],[1.0E9 1.0E9 1.0E9 6.0],[1.0E9 1.0E9 1.0E9 6.0],[1.0E9 1.0E9 1.0E9 7.0],[1.0E9 1.0E9 1.0E9 5.0],[1.0E9 1.0E9 1.0E9 4.0],[1.0E9 1.0E9 1.0E9 5.0],[1.0E9 1.0E9 1.0E9 8.0],[1.0E9 1.0E9 1.0E9 6.0]]
[[11.0 11.0 8.0 7.0],[9.0 7.0 7.0 4.0],[9.0 9.0 10.0 3.0],[8.0 8.0 11.0 6.0],[6.0 7.0 6.0 2.0],[10.0 7.0 11.0 4.0],[8.0 12.0 8.0 5.0],[8.0 9.0 8.0 6.0],[8.0 7.0 8.0 3.0],[7.0 11.0 8.0 4.0],[12.0 10.0 6.0 5.0],[11.0 7.0 9.0 7.0],[11.0 7.0 9.0 5.0],[12.0 9.0 10.0 6.0],[7.0 7.0 11.0 5.0],[10.0 10.0 11.0 4.0],[1.0E9 1.0E9 11.0 1.0E9],[1.0E9 1.0E9 12.0 7.0],[1.0E9 1.0E9 11.0 1.0E9],[1.0E9 1.0E9 10.0 6.0],[1.0E9 1.0E9 12.0 1.0E9],[1.0E9 1.0E9 9.0 1.0E9],[1.0E9 1.0E9 8.0 1.0E9],[1.0E9 1.0E9 8.0 1.0E9],[1.0E9 1.0E9 12.0 1.0E9],[0.0 0.0 0.0 0.0],[1.0E9 1.0E9 1.0E9 7.0],[1.0E9 1.0E9 1.0E9 7.0],[1.0E9 1.0E9 1.0E9 5.0],[1.0E9 1.0E9 1.0E9 8.0],[1.0E9 1.0E9 1.0E9 6.0],[1.0E9 1.0E9 1.0E9 4.0],[1.0E9 1.0E9 1.0E9 6.0],[1.0E9 1.0E9 1.0E9 5.0]]
[[11.0 7.0 12.0 8.0],[11.0 8.0 8.0 4.0],[7.0 9.0 10.0 4.0],[10.0 10.0 8.0 5.0],[5.0 7.0 4.0 3.0],[12.0 11.0 8.0 5.0],[10.0 10.0 8.0 7.0],[11.0 10.0 10.0 4.0],[7.0 10.0 5.0 4.0],[8.0 9.0 11.0 6.0],[12.0 8.0 8.0 4.0],[8.0 8.0 12.0 5.0],[10.0 12.0 12.0 6.0],[8.0 8.0 9.0 5.0],[7.0 8.0 12.0 6.0],[10.0 12.0 7.0 3.0],[1.0E9 1.0E9 7.0 1.0E9],[1.0E9 1.0E9 8.0 6.0],[1.0E9 1.0E9 10.0 1.0E9],[1.0E9 1.0E9 8.0 7.0],[1.0E9 1.0E9 11.0 1.0E9],[1.0E9 1.0E9 11.0 1.0E9],[1.0E9 1.0E9 9.0 1.0E9],[1.0E9 1.0E9 9.0 1.0E9],[1.0E9 1.0E9 9.0 1.0E9],[1.0E9 1.0E9 1.0E9 6.0],[0.0 0.0 0.0 0.0],[1.0E9 1.0E9 1.0E9 5.0],[1.0E9 1.0E9 1.0E9 5.0],[1.0E9 1.0E9 1.0E9 6.0],[1.0E9 1.0E9 1.0E9 6.0],[1.0E9 1.0E9 1.0E9 6.0],[1.0E9 1.0E9 1.0E9 5.0],[1.0E9 1.0E9 1.0E9 5.0]]
[[8.0 7.0 9.0 5.0],[8.0 11.0 6.0 3.0],[11.0 9.0 8.0 4.0],[7.0 7.0 7.0 6.0],[7.0 6.0 4.0 2.0],[11.0 10.0 11.0 7.0],[10.0 8.0 8.0 6.0],[8.0 12.0 12.0 7.0],[8.0 11.0 7.0 3.0],[12.0 9.0 11.0 5.0],[11.0 10.0 7.0 4.0],[9.0 8.0 8.0 5.0],[11.0 7.0 12.0 4.0],[8.0 10.0 8.0 5.0],[12.0 9.0 7.0 6.0],[11.0 12.0 10.0 6.0],[1.0E9 1.0E9 10.0 1.0E9],[1.0E9 1.0E9 7.0 6.0],[1.0E9 1.0E9 9.0 1.0E9],[1.0E9 1.0E9 12.0 6.0],[1.0E9 1.0E9 12.0 1.0E9],[1.0E9 1.0E9 9.0 1.0E9],[1.0E9 1.0E9 12.0 1.0E9],[1.0E9 1.0E9 9.0 1.0E9],[1.0E9 1.0E9 9.0 1.0E9],[1.0E9 1.0E9 1.0E9 9.0],[1.0E9 1.0E9 1.0E9 8.0],[0.0 0.0 0.0 0.0],[1.0E9 1.0E9 1.0E9 4.0],[1.0E9 1.0E9 1.0E9 5.0],[1.0E9 1.0E9 1.0E9 5.0],[1.0E9 1.0E9 1.0E9 4.0],[1.0E9 1.0E9 1.0E9 7.0],[1.0E9 1.0E9 1.0E9 4.0]]
[[12.0 8.0 9.0 5.0],[6.0 10.0 6.0 3.0],[9.0 9.0 10.0 4.0],[12.0 12.0 10.0 5.0],[5.0 7.0 5.0 3.0],[10.0 9.0 8.0 6.0],[11.0 8.0 7.0 5.0],[7.0 12.0 11.0 5.0],[6.0 6.0 8.0 4.0],[7.0 12.0 7.0 5.0],[7.0 12.0 7.0 5.0],[7.0 10.0 11.0 5.0],[11.0 11.0 9.0 4.0],[8.0 11.0 9.0 5.0],[8.0 8.0 12.0 5.0],[9.0 7.0 7.0 6.0],[1.0E9 1.0E9 7.0 1.0E9],[1.0E9 1.0E9 7.0 4.0],[1.0E9 1.0E9 9.0 1.0E9],[1.0E9 1.0E9 8.0 5.0],[1.0E9 1.0E9 7.0 1.0E9],[1.0E9 1.0E9 7.0 1.0E9],[1.0E9 1.0E9 11.0 1.0E9],[1.0E9 1.0E9 7.0 1.0E9],[1.0E9 1.0E9 8.0 1.0E9],[1.0E9 1.0E9 1.0E9 9.0],[1.0E9 1.0E9 1.0E9 5.0],[1.0E9 1.0E9 1.0E9 6.0],[0.0 0.0 0.0 0.0],[1.0E9 1.0E9 1.0E9 8.0],[1.0E9 1.0E9 1.0E9 4.0],[1.0E9 1.0E9 1.0E9 5.0],[1.0E9 1.0E9 1.0E9 6.0],[1.0E9 1.0E9 1.0E9 4.0]]
[[7.0 10.0 9.0 7.0],[9.0 9.0 8.0 4.0],[10.0 7.0 8.0 5.0],[9.0 7.0 11.0 7.0],[6.0 5.0 4.0 3.0],[11.0 7.0 10.0 5.0],[11.0 7.0 8.0 6.0],[7.0 11.0 7.0 6.0],[8.0 8.0 6.0 4.0],[10.0 10.0 9.0 7.0],[7.0 11.0 8.0 4.0],[7.0 7.0 12.0 5.0],[12.0 7.0 12.0 6.0],[10.0 11.0 7.0 5.0],[10.0 9.0 9.0 5.0],[9.0 7.0 7.0 5.0],[1.0E9 1.0E9 7.0 1.0E9],[1.0E9 1.0E9 7.0 4.0],[1.0E9 1.0E9 10.0 1.0E9],[1.0E9 1.0E9 11.0 7.0],[1.0E9 1.0E9 9.0 1.0E9],[1.0E9 1.0E9 7.0 1.0E9],[1.0E9 1.0E9 11.0 1.0E9],[1.0E9 1.0E9 11.0 1.0E9],[1.0E9 1.0E9 7.0 1.0E9],[1.0E9 1.0E9 1.0E9 5.0],[1.0E9 1.0E9 1.0E9 7.0],[1.0E9 1.0E9 1.0E9 8.0],[1.0E9 1.0E9 1.0E9 6.0],[0.0 0.0 0.0 0.0],[1.0E9 1.0E9 1.0E9 4.0],[1.0E9 1.0E9 1.0E9 5.0],[1.0E9 1.0E9 1.0E9 5.0],[1.0E9 1.0E9 1.0E9 4.0]]
[[10.0 7.0 11.0 7.0],[9.0 8.0 8.0 5.0],[11.0 8.0 8.0 3.0],[12.0 7.0 9.0 6.0],[8.0 5.0 6.0 3.0],[8.0 12.0 8.0 6.0],[7.0 8.0 8.0 5.0],[9.0 10.0 11.0 4.0],[9.0 6.0 6.0 3.0],[7.0 8.0 12.0 6.0],[9.0 11.0 10.0 4.0],[11.0 12.0 8.0 4.0],[9.0 10.0 12.0 5.0],[10.0 11.0 9.0 6.0],[12.0 11.0 8.0 5.0],[9.0 8.0 10.0 3.0],[1.0E9 1.0E9 11.0 1.0E9],[1.0E9 1.0E9 7.0 6.0],[1.0E9 1.0E9 9.0 1.0E9],[1.0E9 1.0E9 7.0 5.0],[1.0E9 1.0E9 10.0 1.0E9],[1.0E9 1.0E9 11.0 1.0E9],[1.0E9 1.0E9 10.0 1.0E9],[1.0E9 1.0E9 8.0 1.0E9],[1.0E9 1.0E9 12.0 1.0E9],[1.0E9 1.0E9 1.0E9 7.0],[1.0E9 1.0E9 1.0E9 6.0],[1.0E9 1.0E9 1.0E9 6.0],[1.0E9 1.0E9 1.0E9 7.0],[1.0E9 1.0E9 1.0E9 5.0],[0.0 0.0 0.0 0.0],[1.0E9 1.0E9 1.0E9 6.0],[1.0E9 1.0E9 1.0E9 5.0],[1.0E9 1.0E9 1.0E9 4.0]]
[[7.0 10.0 12.0 6.0],[12.0 8.0 8.0 3.0],[7.0 10.0 9.0 4.0],[12.0 10.0 8.0 6.0],[8.0 8.0 6.0 3.0],[12.0 11.0 8.0 6.0],[7.0 8.0 8.0 6.0],[8.0 10.0 8.0 7.0],[9.0 8.0 8.0 3.0],[10.0 8.0 9.0 5.0],[12.0 7.0 8.0 4.0],[10.0 7.0 7.0 6.0],[10.0 10.0 8.0 6.0],[9.0 11.0 9.0 5.0],[12.0 8.0 9.0 4.0],[11.0 10.0 8.0 6.0],[1.0E9 1.0E9 8.0 1.0E9],[1.0E9 1.0E9 12.0 5.0],[1.0E9 1.0E9 12.0 1.0E9],[1.0E9 1.0E9 10.0 5.0],[1.0E9 1.0E9 7.0 1.0E9],[1.0E9 1.0E9 10.0 1.0E9],[1.0E9 1.0E9 9.0 1.0E9],[1.0E9 1.0E9 11.0 1.0E9],[1.0E9 1.0E9 10.0 1.0E9],[1.0E9 1.0E9 1.0E9 6.0],[1.0E9 1.0E9 1.0E9 6.0],[1.0E9 1.0E9 1.0E9 6.0],[1.0E9 1.0E9 1.0E9 4.0],[1.0E9 1.0E9 1.0E9 8.0],[1.0E9 1.0E9 1.0E9 5.0],[0.0 0.0 0.0 0.0],[1.0E9 1.0E9 1.0E9 6.0],[1.0E9 1.0E9 1.0E9 4.0]]
[[10.0 7.0 7.0 4.0],[11.0 11.0 8.0 5.0],[9.0 9.0 7.0 4.0],[9.0 10.0 10.0 6.0],[6.0 8.0 6.0 2.0],[12.0 8.0 12.0 6.0],[7.0 9.0 7.0 7.0],[7.0 11.0 8.0 4.0],[7.0 8.0 8.0 4.0],[12.0 11.0 8.0 4.0],[11.0 10.0 8.0 4.0],[10.0 8.0 8.0 7.0],[9.0 12.0 7.0 4.0],[8.0 12.0 8.0 4.0],[8.0 10.0 12.0 4.0],[9.0 10.0 10.0 4.0],[1.0E9 1.0E9 9.0 1.0E9],[1.0E9 1.0E9 7.0 5.0],[1.0E9 1.0E9 10.0 1.0E9],[1.0E9 1.0E9 8.0 7.0],[1.0E9 1.0E9 8.0 1.0E9],[1.0E9 1.0E9 11.0 1.0E9],[1.0E9 1.0E9 7.0 1.0E9],[1.0E9 1.0E9 9.0 1.0E9],[1.0E9 1.0E9 7.0 1.0E9],[1.0E9 1.0E9 1.0E9 8.0],[1.0E9 1.0E9 1.0E9 8.0],[1.0E9 1.0E9 1.0E9 6.0],[1.0E9 1.0E9 1.0E9 4.0],[1.0E9 1.0E9 1.0E9 7.0],[1.0E9 1.0E9 1.0E9 6.0],[1.0E9 1.0E9 1.0E9 5.0],[0.0 0.0 0.0 0.0],[1.0E9 1.0E9 1.0E9 4.0]]
[[9.0 8.0 9.0 4.0],[7.0 11.0 6.0 3.0],[10.0 8.0 8.0 3.0],[11.0 9.0 11.0 7.0],[5.0 5.0 5.0 3.0],[7.0 8.0 12.0 4.0],[12.0 7.0 9.0 5.0],[11.0 7.0 8.0 5.0],[8.0 10.0 7.0 4.0],[7.0 9.0 11.0 6.0],[12.0 9.0 7.0 5.0],[11.0 8.0 10.0 5.0],[10.0 10.0 12.0 5.0],[11.0 7.0 11.0 6.0],[9.0 8.0 9.0 4.0],[8.0 8.0 10.0 6.0],[1.0E9 1.0E9 9.0 1.0E9],[1.0E9 1.0E9 9.0 4.0],[1.0E9 1.0E9 12.0 1.0E9],[1.0E9 1.0E9 11.0 4.0],[1.0E9 1.0E9 12.0 1.0E9],[1.0E9 1.0E9 9.0 1.0E9],[1.0E9 1.0E9 11.0 1.0E9],[1.0E9 1.0E9 12.0 1.0E9],[1.0E9 1.0E9 11.0 1.0E9],[1.0E9 1.0E9 1.0E9 7.0],[1.0E9 1.0E9 1.0E9 7.0],[1.0E9 1.0E9 1.0E9 4.0],[1.0E9 1.0E9 1.0E9 4.0],[1.0E9 1.0E9 1.0E9 8.0],[1.0E9 1.0E9 1.0E9 5.0],[1.0E9 1.0E9 1.0E9 6.0],[1.0E9 1.0E9 1.0E9 5.0],[0.0 0.0 0.0 0.0]]];
Hi = [0.2 0.2 0.2 0.2 0.2 0.2 0.2 0.2 0.2 0.2 0.2 0.2 0.2 0.2 0.2 0.2 0.2 0.2 0.2 0.2 0.2 0.2 0.2 0.2 0.2 0.2 0.2 0.2 0.2 0.2 0.2 0.2 0.2 0.2];
