N = 31;
T = 56;
K = 5;
C = 365.0;
furnance = 2;
color = 6;
machines = [4 5 6 7 8];
products = [182 120 160 159 3 55 11 201 205 8 115 258 54 161 139 176 175 424 257 24 48 156 256 183 158 466 117 23 419 77 111];
MINik = [[12.0 12.0 16.0 12.0 12.0],[12.0 12.0 16.0 12.0 12.0],[12.0 12.0 16.0 12.0 12.0],[12.0 12.0 16.0 12.0 12.0],[12.0 12.0 16.0 12.0 12.0],[12.0 12.0 16.0 12.0 12.0],[12.0 12.0 16.0 12.0 12.0],[12.0 12.0 16.0 12.0 12.0],[12.0 12.0 16.0 12.0 12.0],[12.0 12.0 16.0 12.0 12.0],[12.0 12.0 16.0 12.0 12.0],[12.0 12.0 16.0 12.0 12.0],[12.0 12.0 16.0 12.0 12.0],[12.0 12.0 16.0 12.0 12.0],[12.0 12.0 16.0 12.0 12.0],[12.0 12.0 16.0 12.0 12.0],[12.0 12.0 16.0 12.0 12.0],[12.0 12.0 16.0 12.0 12.0],[12.0 12.0 16.0 12.0 12.0],[12.0 12.0 16.0 12.0 12.0],[12.0 12.0 16.0 12.0 12.0],[12.0 12.0 16.0 12.0 12.0],[12.0 12.0 16.0 12.0 12.0],[12.0 12.0 16.0 12.0 12.0],[12.0 12.0 16.0 12.0 12.0],[12.0 12.0 16.0 12.0 12.0],[12.0 12.0 16.0 12.0 12.0],[12.0 12.0 16.0 12.0 12.0],[12.0 12.0 16.0 12.0 12.0],[12.0 12.0 16.0 12.0 12.0],[12.0 12.0 16.0 12.0 12.0]];
MAXik = [[16.0 16.0 0.0 20.0 20.0],[16.0 16.0 20.0 20.0 20.0],[16.0 16.0 0.0 20.0 20.0],[16.0 16.0 0.0 20.0 20.0],[16.0 16.0 20.0 20.0 20.0],[16.0 16.0 20.0 20.0 20.0],[16.0 16.0 0.0 20.0 20.0],[16.0 16.0 0.0 20.0 20.0],[16.0 16.0 0.0 20.0 20.0],[16.0 16.0 20.0 20.0 20.0],[16.0 16.0 20.0 20.0 20.0],[16.0 16.0 0.0 20.0 20.0],[16.0 16.0 20.0 20.0 20.0],[16.0 16.0 0.0 20.0 20.0],[16.0 16.0 20.0 20.0 20.0],[16.0 16.0 20.0 20.0 20.0],[16.0 16.0 0.0 20.0 20.0],[16.0 16.0 20.0 20.0 20.0],[16.0 16.0 0.0 20.0 20.0],[16.0 16.0 20.0 20.0 20.0],[16.0 16.0 20.0 20.0 20.0],[16.0 16.0 20.0 20.0 20.0],[16.0 16.0 0.0 20.0 20.0],[16.0 16.0 0.0 20.0 20.0],[16.0 16.0 20.0 20.0 20.0],[16.0 16.0 0.0 20.0 20.0],[16.0 16.0 20.0 20.0 20.0],[16.0 16.0 0.0 20.0 20.0],[16.0 16.0 20.0 20.0 20.0],[16.0 16.0 20.0 20.0 20.0],[16.0 16.0 0.0 20.0 20.0]];
Pik = [[4.1541192 4.1541192 4.1541192 4.1541192 4.1541192],[2.88036 2.88036 2.88036 2.88036 2.88036],[4.1477184 4.1477184 4.1477184 4.1477184 4.1477184],[4.390948799999999 4.390948799999999 4.390948799999999 4.390948799999999 4.390948799999999],[3.7739116800000003 3.7739116800000003 3.7739116800000003 3.7739116800000003 3.7739116800000003],[4.390948799999999 4.390948799999999 4.390948799999999 4.390948799999999 4.390948799999999],[3.84048 3.84048 3.84048 3.84048 3.84048],[5.28066 5.28066 5.28066 5.28066 5.28066],[5.28066 5.28066 5.28066 5.28066 5.28066],[3.36042 3.36042 3.36042 3.36042 3.36042],[3.456432 3.456432 3.456432 3.456432 3.456432],[5.184648 5.184648 5.184648 5.184648 5.184648],[4.390948799999999 4.390948799999999 4.390948799999999 4.390948799999999 4.390948799999999],[4.1477184 4.1477184 4.1477184 4.1477184 4.1477184],[2.9379672 2.9379672 2.9379672 2.9379672 2.9379672],[4.3781472 4.3781472 4.3781472 4.3781472 4.3781472],[3.648456 3.648456 3.648456 3.648456 3.648456],[4.032504 4.032504 4.032504 4.032504 4.032504],[3.52044 3.52044 3.52044 3.52044 3.52044],[4.0357044 4.0357044 4.0357044 4.0357044 4.0357044],[4.4549568 4.4549568 4.4549568 4.4549568 4.4549568],[2.496312 2.496312 2.496312 2.496312 2.496312],[3.52044 3.52044 3.52044 3.52044 3.52044],[3.744468 3.744468 3.744468 3.744468 3.744468],[2.88036 2.88036 2.88036 2.88036 2.88036],[4.4933616 4.4933616 4.4933616 4.4933616 4.4933616],[3.888486 3.888486 3.888486 3.888486 3.888486],[3.7252656 3.7252656 3.7252656 3.7252656 3.7252656],[4.032504 4.032504 4.032504 4.032504 4.032504],[1.856232 1.856232 1.856232 1.856232 1.856232],[4.032504 4.032504 4.032504 4.032504 4.032504]];
Dit = [[0.0 0.0 0.0 0.0 0.0 0.0 66.0 0.0 0.0 0.0 0.0 0.0 0.0 64.0 0.0 0.0 0.0 0.0 0.0 0.0 53.0 0.0 0.0 0.0 0.0 0.0 0.0 63.0 0.0 0.0 0.0 0.0 0.0 0.0 53.0 0.0 0.0 0.0 0.0 0.0 0.0 53.0 0.0 0.0 0.0 0.0 0.0 0.0 64.0 0.0 0.0 0.0 0.0 0.0 0.0 64.0],[0.0 0.0 0.0 0.0 0.0 0.0 66.0 0.0 0.0 0.0 0.0 0.0 0.0 36.0 0.0 0.0 0.0 0.0 0.0 0.0 46.0 0.0 0.0 0.0 0.0 0.0 0.0 46.0 0.0 0.0 0.0 0.0 0.0 0.0 46.0 0.0 0.0 0.0 0.0 0.0 0.0 66.0 0.0 0.0 0.0 0.0 0.0 0.0 46.0 0.0 0.0 0.0 0.0 0.0 0.0 36.0],[0.0 0.0 0.0 0.0 0.0 0.0 66.0 0.0 0.0 0.0 0.0 0.0 0.0 66.0 0.0 0.0 0.0 0.0 0.0 0.0 66.0 0.0 0.0 0.0 0.0 0.0 0.0 53.0 0.0 0.0 0.0 0.0 0.0 0.0 66.0 0.0 0.0 0.0 0.0 0.0 0.0 53.0 0.0 0.0 0.0 0.0 0.0 0.0 68.0 0.0 0.0 0.0 0.0 0.0 0.0 53.0],[0.0 0.0 0.0 0.0 0.0 0.0 56.0 0.0 0.0 0.0 0.0 0.0 0.0 62.0 0.0 0.0 0.0 0.0 0.0 0.0 56.0 0.0 0.0 0.0 0.0 0.0 0.0 56.0 0.0 0.0 0.0 0.0 0.0 0.0 56.0 0.0 0.0 0.0 0.0 0.0 0.0 65.0 0.0 0.0 0.0 0.0 0.0 0.0 66.0 0.0 0.0 0.0 0.0 0.0 0.0 65.0],[0.0 0.0 0.0 0.0 0.0 0.0 48.0 0.0 0.0 0.0 0.0 0.0 0.0 60.0 0.0 0.0 0.0 0.0 0.0 0.0 63.0 0.0 0.0 0.0 0.0 0.0 0.0 48.0 0.0 0.0 0.0 0.0 0.0 0.0 60.0 0.0 0.0 0.0 0.0 0.0 0.0 48.0 0.0 0.0 0.0 0.0 0.0 0.0 48.0 0.0 0.0 0.0 0.0 0.0 0.0 48.0],[0.0 0.0 0.0 0.0 0.0 0.0 65.0 0.0 0.0 0.0 0.0 0.0 0.0 68.0 0.0 0.0 0.0 0.0 0.0 0.0 56.0 0.0 0.0 0.0 0.0 0.0 0.0 56.0 0.0 0.0 0.0 0.0 0.0 0.0 56.0 0.0 0.0 0.0 0.0 0.0 0.0 67.0 0.0 0.0 0.0 0.0 0.0 0.0 56.0 0.0 0.0 0.0 0.0 0.0 0.0 62.0],[0.0 0.0 0.0 0.0 0.0 0.0 61.0 0.0 0.0 0.0 0.0 0.0 0.0 66.0 0.0 0.0 0.0 0.0 0.0 0.0 61.0 0.0 0.0 0.0 0.0 0.0 0.0 61.0 0.0 0.0 0.0 0.0 0.0 0.0 61.0 0.0 0.0 0.0 0.0 0.0 0.0 61.0 0.0 0.0 0.0 0.0 0.0 0.0 61.0 0.0 0.0 0.0 0.0 0.0 0.0 49.0],[0.0 0.0 0.0 0.0 0.0 0.0 67.0 0.0 0.0 0.0 0.0 0.0 0.0 66.0 0.0 0.0 0.0 0.0 0.0 0.0 67.0 0.0 0.0 0.0 0.0 0.0 0.0 66.0 0.0 0.0 0.0 0.0 0.0 0.0 66.0 0.0 0.0 0.0 0.0 0.0 0.0 66.0 0.0 0.0 0.0 0.0 0.0 0.0 66.0 0.0 0.0 0.0 0.0 0.0 0.0 63.0],[0.0 0.0 0.0 0.0 0.0 0.0 66.0 0.0 0.0 0.0 0.0 0.0 0.0 66.0 0.0 0.0 0.0 0.0 0.0 0.0 67.0 0.0 0.0 0.0 0.0 0.0 0.0 63.0 0.0 0.0 0.0 0.0 0.0 0.0 66.0 0.0 0.0 0.0 0.0 0.0 0.0 66.0 0.0 0.0 0.0 0.0 0.0 0.0 64.0 0.0 0.0 0.0 0.0 0.0 0.0 67.0],[0.0 0.0 0.0 0.0 0.0 0.0 53.0 0.0 0.0 0.0 0.0 0.0 0.0 66.0 0.0 0.0 0.0 0.0 0.0 0.0 53.0 0.0 0.0 0.0 0.0 0.0 0.0 53.0 0.0 0.0 0.0 0.0 0.0 0.0 66.0 0.0 0.0 0.0 0.0 0.0 0.0 53.0 0.0 0.0 0.0 0.0 0.0 0.0 53.0 0.0 0.0 0.0 0.0 0.0 0.0 43.0],[0.0 0.0 0.0 0.0 0.0 0.0 44.0 0.0 0.0 0.0 0.0 0.0 0.0 55.0 0.0 0.0 0.0 0.0 0.0 0.0 55.0 0.0 0.0 0.0 0.0 0.0 0.0 55.0 0.0 0.0 0.0 0.0 0.0 0.0 55.0 0.0 0.0 0.0 0.0 0.0 0.0 44.0 0.0 0.0 0.0 0.0 0.0 0.0 55.0 0.0 0.0 0.0 0.0 0.0 0.0 44.0],[0.0 0.0 0.0 0.0 0.0 0.0 66.0 0.0 0.0 0.0 0.0 0.0 0.0 63.0 0.0 0.0 0.0 0.0 0.0 0.0 66.0 0.0 0.0 0.0 0.0 0.0 0.0 66.0 0.0 0.0 0.0 0.0 0.0 0.0 68.0 0.0 0.0 0.0 0.0 0.0 0.0 66.0 0.0 0.0 0.0 0.0 0.0 0.0 64.0 0.0 0.0 0.0 0.0 0.0 0.0 66.0],[0.0 0.0 0.0 0.0 0.0 0.0 66.0 0.0 0.0 0.0 0.0 0.0 0.0 67.0 0.0 0.0 0.0 0.0 0.0 0.0 56.0 0.0 0.0 0.0 0.0 0.0 0.0 66.0 0.0 0.0 0.0 0.0 0.0 0.0 56.0 0.0 0.0 0.0 0.0 0.0 0.0 56.0 0.0 0.0 0.0 0.0 0.0 0.0 67.0 0.0 0.0 0.0 0.0 0.0 0.0 68.0],[0.0 0.0 0.0 0.0 0.0 0.0 66.0 0.0 0.0 0.0 0.0 0.0 0.0 53.0 0.0 0.0 0.0 0.0 0.0 0.0 53.0 0.0 0.0 0.0 0.0 0.0 0.0 66.0 0.0 0.0 0.0 0.0 0.0 0.0 53.0 0.0 0.0 0.0 0.0 0.0 0.0 66.0 0.0 0.0 0.0 0.0 0.0 0.0 53.0 0.0 0.0 0.0 0.0 0.0 0.0 53.0],[0.0 0.0 0.0 0.0 0.0 0.0 47.0 0.0 0.0 0.0 0.0 0.0 0.0 67.0 0.0 0.0 0.0 0.0 0.0 0.0 37.0 0.0 0.0 0.0 0.0 0.0 0.0 47.0 0.0 0.0 0.0 0.0 0.0 0.0 47.0 0.0 0.0 0.0 0.0 0.0 0.0 47.0 0.0 0.0 0.0 0.0 0.0 0.0 47.0 0.0 0.0 0.0 0.0 0.0 0.0 47.0],[0.0 0.0 0.0 0.0 0.0 0.0 56.0 0.0 0.0 0.0 0.0 0.0 0.0 56.0 0.0 0.0 0.0 0.0 0.0 0.0 63.0 0.0 0.0 0.0 0.0 0.0 0.0 56.0 0.0 0.0 0.0 0.0 0.0 0.0 65.0 0.0 0.0 0.0 0.0 0.0 0.0 64.0 0.0 0.0 0.0 0.0 0.0 0.0 66.0 0.0 0.0 0.0 0.0 0.0 0.0 56.0],[0.0 0.0 0.0 0.0 0.0 0.0 58.0 0.0 0.0 0.0 0.0 0.0 0.0 58.0 0.0 0.0 0.0 0.0 0.0 0.0 58.0 0.0 0.0 0.0 0.0 0.0 0.0 63.0 0.0 0.0 0.0 0.0 0.0 0.0 46.0 0.0 0.0 0.0 0.0 0.0 0.0 46.0 0.0 0.0 0.0 0.0 0.0 0.0 46.0 0.0 0.0 0.0 0.0 0.0 0.0 67.0],[0.0 0.0 0.0 0.0 0.0 0.0 51.0 0.0 0.0 0.0 0.0 0.0 0.0 64.0 0.0 0.0 0.0 0.0 0.0 0.0 64.0 0.0 0.0 0.0 0.0 0.0 0.0 51.0 0.0 0.0 0.0 0.0 0.0 0.0 51.0 0.0 0.0 0.0 0.0 0.0 0.0 65.0 0.0 0.0 0.0 0.0 0.0 0.0 64.0 0.0 0.0 0.0 0.0 0.0 0.0 64.0],[0.0 0.0 0.0 0.0 0.0 0.0 56.0 0.0 0.0 0.0 0.0 0.0 0.0 56.0 0.0 0.0 0.0 0.0 0.0 0.0 56.0 0.0 0.0 0.0 0.0 0.0 0.0 56.0 0.0 0.0 0.0 0.0 0.0 0.0 56.0 0.0 0.0 0.0 0.0 0.0 0.0 56.0 0.0 0.0 0.0 0.0 0.0 0.0 45.0 0.0 0.0 0.0 0.0 0.0 0.0 56.0],[0.0 0.0 0.0 0.0 0.0 0.0 63.0 0.0 0.0 0.0 0.0 0.0 0.0 51.0 0.0 0.0 0.0 0.0 0.0 0.0 51.0 0.0 0.0 0.0 0.0 0.0 0.0 64.0 0.0 0.0 0.0 0.0 0.0 0.0 64.0 0.0 0.0 0.0 0.0 0.0 0.0 64.0 0.0 0.0 0.0 0.0 0.0 0.0 51.0 0.0 0.0 0.0 0.0 0.0 0.0 64.0],[0.0 0.0 0.0 0.0 0.0 0.0 57.0 0.0 0.0 0.0 0.0 0.0 0.0 66.0 0.0 0.0 0.0 0.0 0.0 0.0 64.0 0.0 0.0 0.0 0.0 0.0 0.0 64.0 0.0 0.0 0.0 0.0 0.0 0.0 66.0 0.0 0.0 0.0 0.0 0.0 0.0 63.0 0.0 0.0 0.0 0.0 0.0 0.0 64.0 0.0 0.0 0.0 0.0 0.0 0.0 57.0],[0.0 0.0 0.0 0.0 0.0 0.0 39.0 0.0 0.0 0.0 0.0 0.0 0.0 31.0 0.0 0.0 0.0 0.0 0.0 0.0 39.0 0.0 0.0 0.0 0.0 0.0 0.0 65.0 0.0 0.0 0.0 0.0 0.0 0.0 39.0 0.0 0.0 0.0 0.0 0.0 0.0 39.0 0.0 0.0 0.0 0.0 0.0 0.0 39.0 0.0 0.0 0.0 0.0 0.0 0.0 39.0],[0.0 0.0 0.0 0.0 0.0 0.0 56.0 0.0 0.0 0.0 0.0 0.0 0.0 45.0 0.0 0.0 0.0 0.0 0.0 0.0 45.0 0.0 0.0 0.0 0.0 0.0 0.0 56.0 0.0 0.0 0.0 0.0 0.0 0.0 45.0 0.0 0.0 0.0 0.0 0.0 0.0 56.0 0.0 0.0 0.0 0.0 0.0 0.0 45.0 0.0 0.0 0.0 0.0 0.0 0.0 56.0],[0.0 0.0 0.0 0.0 0.0 0.0 47.0 0.0 0.0 0.0 0.0 0.0 0.0 47.0 0.0 0.0 0.0 0.0 0.0 0.0 59.0 0.0 0.0 0.0 0.0 0.0 0.0 59.0 0.0 0.0 0.0 0.0 0.0 0.0 47.0 0.0 0.0 0.0 0.0 0.0 0.0 47.0 0.0 0.0 0.0 0.0 0.0 0.0 59.0 0.0 0.0 0.0 0.0 0.0 0.0 47.0],[0.0 0.0 0.0 0.0 0.0 0.0 36.0 0.0 0.0 0.0 0.0 0.0 0.0 36.0 0.0 0.0 0.0 0.0 0.0 0.0 46.0 0.0 0.0 0.0 0.0 0.0 0.0 46.0 0.0 0.0 0.0 0.0 0.0 0.0 46.0 0.0 0.0 0.0 0.0 0.0 0.0 46.0 0.0 0.0 0.0 0.0 0.0 0.0 68.0 0.0 0.0 0.0 0.0 0.0 0.0 46.0],[0.0 0.0 0.0 0.0 0.0 0.0 57.0 0.0 0.0 0.0 0.0 0.0 0.0 57.0 0.0 0.0 0.0 0.0 0.0 0.0 67.0 0.0 0.0 0.0 0.0 0.0 0.0 57.0 0.0 0.0 0.0 0.0 0.0 0.0 57.0 0.0 0.0 0.0 0.0 0.0 0.0 57.0 0.0 0.0 0.0 0.0 0.0 0.0 64.0 0.0 0.0 0.0 0.0 0.0 0.0 65.0],[0.0 0.0 0.0 0.0 0.0 0.0 49.0 0.0 0.0 0.0 0.0 0.0 0.0 62.0 0.0 0.0 0.0 0.0 0.0 0.0 49.0 0.0 0.0 0.0 0.0 0.0 0.0 49.0 0.0 0.0 0.0 0.0 0.0 0.0 62.0 0.0 0.0 0.0 0.0 0.0 0.0 66.0 0.0 0.0 0.0 0.0 0.0 0.0 49.0 0.0 0.0 0.0 0.0 0.0 0.0 67.0],[0.0 0.0 0.0 0.0 0.0 0.0 66.0 0.0 0.0 0.0 0.0 0.0 0.0 64.0 0.0 0.0 0.0 0.0 0.0 0.0 59.0 0.0 0.0 0.0 0.0 0.0 0.0 47.0 0.0 0.0 0.0 0.0 0.0 0.0 59.0 0.0 0.0 0.0 0.0 0.0 0.0 59.0 0.0 0.0 0.0 0.0 0.0 0.0 59.0 0.0 0.0 0.0 0.0 0.0 0.0 47.0],[0.0 0.0 0.0 0.0 0.0 0.0 64.0 0.0 0.0 0.0 0.0 0.0 0.0 63.0 0.0 0.0 0.0 0.0 0.0 0.0 67.0 0.0 0.0 0.0 0.0 0.0 0.0 51.0 0.0 0.0 0.0 0.0 0.0 0.0 64.0 0.0 0.0 0.0 0.0 0.0 0.0 64.0 0.0 0.0 0.0 0.0 0.0 0.0 51.0 0.0 0.0 0.0 0.0 0.0 0.0 64.0],[0.0 0.0 0.0 0.0 0.0 0.0 59.0 0.0 0.0 0.0 0.0 0.0 0.0 29.0 0.0 0.0 0.0 0.0 0.0 0.0 23.0 0.0 0.0 0.0 0.0 0.0 0.0 29.0 0.0 0.0 0.0 0.0 0.0 0.0 23.0 0.0 0.0 0.0 0.0 0.0 0.0 23.0 0.0 0.0 0.0 0.0 0.0 0.0 29.0 0.0 0.0 0.0 0.0 0.0 0.0 29.0],[0.0 0.0 0.0 0.0 0.0 0.0 64.0 0.0 0.0 0.0 0.0 0.0 0.0 63.0 0.0 0.0 0.0 0.0 0.0 0.0 64.0 0.0 0.0 0.0 0.0 0.0 0.0 51.0 0.0 0.0 0.0 0.0 0.0 0.0 64.0 0.0 0.0 0.0 0.0 0.0 0.0 51.0 0.0 0.0 0.0 0.0 0.0 0.0 64.0 0.0 0.0 0.0 0.0 0.0 0.0 51.0]];
Sijk = [[[0.0 0.0 0.0 0.0 0.0],[9.0 8.0 9.0 8.0 8.0],[11.0 12.0 1.0E9 9.0 9.0],[10.0 12.0 1.0E9 14.0 13.0],[9.0 12.0 9.0 14.0 9.0],[10.0 11.0 14.0 15.0 10.0],[12.0 10.0 1.0E9 11.0 13.0],[13.0 8.0 1.0E9 8.0 8.0],[11.0 9.0 1.0E9 15.0 13.0],[9.0 8.0 9.0 11.0 7.0],[8.0 11.0 12.0 10.0 11.0],[12.0 10.0 1.0E9 12.0 9.0],[12.0 14.0 9.0 13.0 10.0],[11.0 9.0 1.0E9 12.0 8.0],[9.0 6.0 8.0 10.0 10.0],[14.0 13.0 9.0 8.0 13.0],[11.0 8.0 1.0E9 13.0 13.0],[12.0 13.0 9.0 12.0 14.0],[11.0 12.0 1.0E9 13.0 9.0],[8.0 8.0 9.0 10.0 13.0],[9.0 15.0 15.0 15.0 13.0],[6.0 8.0 10.0 9.0 6.0],[9.0 8.0 1.0E9 12.0 8.0],[10.0 12.0 1.0E9 15.0 12.0],[7.0 7.0 9.0 6.0 8.0],[9.0 10.0 1.0E9 11.0 13.0],[13.0 11.0 11.0 14.0 11.0],[12.0 10.0 1.0E9 12.0 13.0],[12.0 11.0 12.0 11.0 14.0],[6.0 6.0 6.0 5.0 6.0],[10.0 9.0 1.0E9 12.0 13.0]]
[[8.0 14.0 1.0E9 12.0 8.0],[0.0 0.0 0.0 0.0 0.0],[12.0 11.0 1.0E9 10.0 11.0],[9.0 14.0 1.0E9 10.0 14.0],[10.0 8.0 12.0 13.0 13.0],[9.0 8.0 13.0 12.0 11.0],[11.0 13.0 1.0E9 14.0 12.0],[12.0 11.0 1.0E9 8.0 13.0],[10.0 14.0 1.0E9 15.0 13.0],[8.0 10.0 7.0 11.0 9.0],[11.0 9.0 11.0 10.0 11.0],[10.0 11.0 1.0E9 11.0 15.0],[10.0 13.0 11.0 9.0 13.0],[9.0 13.0 1.0E9 10.0 14.0],[9.0 8.0 8.0 11.0 11.0],[14.0 10.0 12.0 12.0 13.0],[6.0 7.0 1.0E9 8.0 10.0],[11.0 10.0 10.0 13.0 11.0],[11.0 7.0 1.0E9 9.0 14.0],[11.0 13.0 8.0 13.0 12.0],[12.0 8.0 9.0 13.0 15.0],[7.0 7.0 7.0 9.0 8.0],[10.0 7.0 1.0E9 8.0 13.0],[11.0 11.0 1.0E9 10.0 13.0],[6.0 8.0 10.0 11.0 9.0],[13.0 11.0 1.0E9 11.0 13.0],[8.0 9.0 14.0 9.0 10.0],[7.0 11.0 1.0E9 12.0 15.0],[11.0 8.0 14.0 8.0 12.0],[6.0 6.0 7.0 6.0 6.0],[8.0 11.0 1.0E9 14.0 8.0]]
[[11.0 11.0 1.0E9 14.0 8.0],[6.0 6.0 9.0 9.0 11.0],[0.0 0.0 0.0 0.0 0.0],[14.0 8.0 1.0E9 13.0 11.0],[11.0 9.0 15.0 12.0 10.0],[9.0 14.0 8.0 9.0 10.0],[7.0 9.0 1.0E9 11.0 15.0],[12.0 15.0 1.0E9 14.0 10.0],[13.0 9.0 1.0E9 9.0 8.0],[7.0 11.0 8.0 10.0 13.0],[10.0 10.0 13.0 9.0 14.0],[12.0 11.0 1.0E9 8.0 12.0],[9.0 13.0 14.0 13.0 12.0],[9.0 12.0 1.0E9 8.0 14.0],[9.0 8.0 7.0 9.0 10.0],[11.0 11.0 14.0 15.0 9.0],[8.0 9.0 1.0E9 12.0 14.0],[12.0 12.0 10.0 11.0 13.0],[8.0 10.0 1.0E9 14.0 8.0],[12.0 9.0 12.0 15.0 14.0],[13.0 11.0 11.0 9.0 15.0],[5.0 7.0 9.0 7.0 7.0],[7.0 9.0 1.0E9 13.0 12.0],[12.0 7.0 1.0E9 15.0 9.0],[6.0 6.0 6.0 11.0 7.0],[13.0 9.0 1.0E9 9.0 15.0],[11.0 10.0 12.0 10.0 13.0],[11.0 12.0 1.0E9 10.0 10.0],[12.0 9.0 10.0 11.0 14.0],[5.0 4.0 7.0 5.0 5.0],[13.0 9.0 1.0E9 10.0 10.0]]
[[11.0 9.0 1.0E9 12.0 12.0],[7.0 7.0 7.0 12.0 9.0],[11.0 9.0 1.0E9 10.0 15.0],[0.0 0.0 0.0 0.0 0.0],[7.0 9.0 10.0 15.0 10.0],[14.0 11.0 10.0 11.0 11.0],[10.0 13.0 1.0E9 14.0 11.0],[14.0 13.0 1.0E9 8.0 10.0],[15.0 9.0 1.0E9 14.0 13.0],[10.0 6.0 11.0 10.0 9.0],[8.0 8.0 12.0 9.0 13.0],[11.0 13.0 1.0E9 11.0 11.0],[12.0 11.0 8.0 10.0 11.0],[10.0 11.0 1.0E9 14.0 8.0],[7.0 7.0 11.0 11.0 12.0],[11.0 8.0 9.0 14.0 11.0],[11.0 9.0 1.0E9 9.0 13.0],[12.0 9.0 11.0 13.0 14.0],[8.0 9.0 1.0E9 13.0 10.0],[11.0 7.0 12.0 12.0 15.0],[13.0 12.0 11.0 8.0 10.0],[8.0 8.0 7.0 6.0 6.0],[7.0 7.0 1.0E9 12.0 10.0],[11.0 12.0 1.0E9 8.0 11.0],[9.0 7.0 7.0 11.0 10.0],[11.0 8.0 1.0E9 10.0 12.0],[13.0 9.0 12.0 13.0 9.0],[8.0 11.0 1.0E9 14.0 10.0],[11.0 12.0 11.0 9.0 12.0],[5.0 6.0 7.0 8.0 5.0],[13.0 8.0 1.0E9 8.0 13.0]]
[[12.0 12.0 1.0E9 12.0 12.0],[8.0 7.0 7.0 9.0 10.0],[10.0 12.0 1.0E9 10.0 13.0],[11.0 10.0 1.0E9 12.0 12.0],[0.0 0.0 0.0 0.0 0.0],[12.0 8.0 11.0 15.0 15.0],[9.0 7.0 1.0E9 9.0 13.0],[13.0 12.0 1.0E9 15.0 14.0],[12.0 12.0 1.0E9 11.0 14.0],[11.0 8.0 8.0 11.0 10.0],[11.0 11.0 10.0 8.0 9.0],[10.0 13.0 1.0E9 12.0 13.0],[14.0 13.0 8.0 11.0 12.0],[13.0 11.0 1.0E9 12.0 10.0],[6.0 9.0 9.0 11.0 7.0],[12.0 14.0 13.0 10.0 13.0],[10.0 8.0 1.0E9 11.0 15.0],[12.0 8.0 14.0 15.0 12.0],[11.0 9.0 1.0E9 8.0 11.0],[12.0 13.0 10.0 14.0 11.0],[8.0 14.0 9.0 9.0 9.0],[8.0 6.0 10.0 7.0 6.0],[8.0 7.0 1.0E9 13.0 9.0],[9.0 9.0 1.0E9 13.0 14.0],[8.0 5.0 7.0 6.0 9.0],[13.0 8.0 1.0E9 12.0 13.0],[11.0 13.0 10.0 11.0 11.0],[10.0 12.0 1.0E9 12.0 13.0],[7.0 12.0 12.0 9.0 13.0],[5.0 5.0 6.0 5.0 6.0],[11.0 11.0 1.0E9 11.0 9.0]]
[[10.0 9.0 1.0E9 15.0 14.0],[5.0 10.0 7.0 8.0 6.0],[8.0 13.0 1.0E9 14.0 9.0],[10.0 9.0 1.0E9 10.0 13.0],[8.0 11.0 8.0 11.0 14.0],[0.0 0.0 0.0 0.0 0.0],[11.0 11.0 1.0E9 12.0 11.0],[10.0 10.0 1.0E9 8.0 8.0],[14.0 9.0 1.0E9 9.0 14.0],[7.0 8.0 12.0 13.0 12.0],[11.0 9.0 8.0 9.0 9.0],[11.0 13.0 1.0E9 10.0 11.0],[13.0 14.0 9.0 8.0 11.0],[9.0 12.0 1.0E9 8.0 8.0],[6.0 9.0 9.0 8.0 9.0],[10.0 11.0 12.0 10.0 14.0],[12.0 7.0 1.0E9 9.0 11.0],[8.0 7.0 13.0 13.0 10.0],[10.0 9.0 1.0E9 13.0 9.0],[12.0 12.0 8.0 13.0 10.0],[13.0 9.0 9.0 13.0 9.0],[5.0 6.0 10.0 8.0 7.0],[11.0 8.0 1.0E9 12.0 11.0],[10.0 12.0 1.0E9 13.0 13.0],[7.0 7.0 9.0 9.0 7.0],[11.0 11.0 1.0E9 13.0 11.0],[12.0 12.0 11.0 9.0 12.0],[12.0 11.0 1.0E9 10.0 12.0],[11.0 12.0 8.0 10.0 14.0],[5.0 6.0 7.0 7.0 7.0],[10.0 11.0 1.0E9 13.0 8.0]]
[[13.0 12.0 1.0E9 10.0 12.0],[6.0 6.0 10.0 6.0 10.0],[12.0 12.0 1.0E9 10.0 10.0],[14.0 9.0 1.0E9 15.0 13.0],[12.0 12.0 13.0 12.0 13.0],[9.0 15.0 14.0 13.0 14.0],[0.0 0.0 0.0 0.0 0.0],[15.0 13.0 1.0E9 14.0 12.0],[10.0 10.0 1.0E9 13.0 14.0],[8.0 7.0 13.0 8.0 14.0],[10.0 9.0 8.0 13.0 12.0],[9.0 9.0 1.0E9 14.0 9.0],[14.0 8.0 13.0 8.0 14.0],[11.0 10.0 1.0E9 12.0 8.0],[10.0 7.0 12.0 7.0 7.0],[13.0 8.0 10.0 11.0 15.0],[10.0 7.0 1.0E9 14.0 12.0],[11.0 9.0 12.0 12.0 11.0],[8.0 11.0 1.0E9 8.0 8.0],[7.0 13.0 13.0 14.0 13.0],[8.0 9.0 8.0 9.0 13.0],[7.0 8.0 7.0 10.0 6.0],[6.0 10.0 1.0E9 14.0 13.0],[9.0 9.0 1.0E9 9.0 9.0],[7.0 8.0 10.0 8.0 12.0],[12.0 9.0 1.0E9 11.0 11.0],[8.0 10.0 13.0 13.0 9.0],[10.0 12.0 1.0E9 11.0 12.0],[13.0 11.0 11.0 13.0 11.0],[5.0 5.0 6.0 7.0 5.0],[10.0 13.0 1.0E9 10.0 11.0]]
[[10.0 8.0 1.0E9 13.0 11.0],[6.0 9.0 6.0 10.0 7.0],[13.0 8.0 1.0E9 14.0 14.0],[10.0 14.0 1.0E9 14.0 8.0],[8.0 9.0 8.0 10.0 11.0],[8.0 12.0 11.0 10.0 13.0],[8.0 8.0 1.0E9 10.0 9.0],[0.0 0.0 0.0 0.0 0.0],[13.0 12.0 1.0E9 11.0 10.0],[11.0 10.0 10.0 10.0 7.0],[11.0 7.0 8.0 12.0 14.0],[10.0 11.0 1.0E9 13.0 13.0],[10.0 12.0 14.0 11.0 14.0],[13.0 10.0 1.0E9 13.0 13.0],[7.0 6.0 8.0 9.0 7.0],[11.0 15.0 14.0 13.0 14.0],[11.0 7.0 1.0E9 8.0 15.0],[9.0 7.0 12.0 13.0 10.0],[6.0 7.0 1.0E9 14.0 8.0],[10.0 13.0 13.0 9.0 15.0],[11.0 8.0 14.0 9.0 10.0],[6.0 5.0 10.0 7.0 10.0],[10.0 9.0 1.0E9 9.0 10.0],[12.0 9.0 1.0E9 9.0 10.0],[9.0 9.0 12.0 8.0 11.0],[12.0 14.0 1.0E9 15.0 15.0],[11.0 8.0 9.0 10.0 11.0],[12.0 9.0 1.0E9 10.0 12.0],[12.0 13.0 13.0 8.0 13.0],[6.0 6.0 6.0 6.0 7.0],[12.0 12.0 1.0E9 10.0 14.0]]
[[9.0 12.0 1.0E9 10.0 13.0],[9.0 9.0 10.0 11.0 7.0],[9.0 11.0 1.0E9 10.0 8.0],[11.0 8.0 1.0E9 9.0 15.0],[11.0 7.0 14.0 11.0 13.0],[13.0 9.0 13.0 8.0 12.0],[11.0 8.0 1.0E9 11.0 9.0],[12.0 9.0 1.0E9 13.0 8.0],[0.0 0.0 0.0 0.0 0.0],[6.0 10.0 8.0 11.0 11.0],[8.0 10.0 8.0 10.0 12.0],[12.0 14.0 1.0E9 11.0 10.0],[13.0 8.0 15.0 14.0 12.0],[8.0 8.0 1.0E9 12.0 9.0],[7.0 9.0 8.0 11.0 11.0],[11.0 9.0 13.0 14.0 12.0],[9.0 8.0 1.0E9 13.0 10.0],[9.0 10.0 11.0 11.0 10.0],[10.0 11.0 1.0E9 8.0 13.0],[8.0 11.0 14.0 10.0 12.0],[8.0 14.0 12.0 14.0 13.0],[7.0 5.0 9.0 7.0 8.0],[11.0 7.0 1.0E9 10.0 11.0],[12.0 12.0 1.0E9 11.0 12.0],[5.0 7.0 7.0 7.0 12.0],[8.0 9.0 1.0E9 13.0 13.0],[7.0 12.0 12.0 9.0 14.0],[12.0 7.0 1.0E9 11.0 14.0],[13.0 9.0 11.0 13.0 14.0],[5.0 4.0 6.0 4.0 5.0],[9.0 8.0 1.0E9 13.0 10.0]]
[[11.0 8.0 1.0E9 15.0 14.0],[7.0 9.0 8.0 7.0 8.0],[13.0 11.0 1.0E9 10.0 14.0],[9.0 10.0 1.0E9 10.0 9.0],[11.0 7.0 14.0 14.0 13.0],[12.0 9.0 14.0 10.0 10.0],[9.0 11.0 1.0E9 8.0 9.0],[13.0 8.0 1.0E9 11.0 12.0],[9.0 10.0 1.0E9 13.0 12.0],[0.0 0.0 0.0 0.0 0.0],[7.0 8.0 10.0 13.0 12.0],[13.0 10.0 1.0E9 13.0 15.0],[12.0 14.0 12.0 9.0 9.0],[13.0 11.0 1.0E9 11.0 14.0],[6.0 9.0 10.0 9.0 11.0],[11.0 12.0 10.0 11.0 10.0],[8.0 8.0 1.0E9 15.0 10.0],[13.0 9.0 14.0 9.0 9.0],[10.0 11.0 1.0E9 13.0 8.0],[8.0 7.0 12.0 10.0 9.0],[14.0 12.0 14.0 10.0 9.0],[7.0 6.0 6.0 6.0 9.0],[12.0 8.0 1.0E9 14.0 11.0],[11.0 8.0 1.0E9 10.0 14.0],[7.0 6.0 10.0 10.0 8.0],[11.0 10.0 1.0E9 8.0 15.0],[9.0 9.0 15.0 12.0 12.0],[9.0 9.0 1.0E9 9.0 11.0],[13.0 8.0 12.0 10.0 11.0],[4.0 5.0 5.0 7.0 7.0],[11.0 12.0 1.0E9 14.0 11.0]]
[[12.0 12.0 1.0E9 15.0 14.0],[8.0 7.0 7.0 7.0 10.0],[8.0 9.0 1.0E9 15.0 8.0],[8.0 14.0 1.0E9 10.0 11.0],[13.0 12.0 15.0 12.0 13.0],[10.0 9.0 13.0 13.0 15.0],[7.0 8.0 1.0E9 12.0 10.0],[14.0 8.0 1.0E9 10.0 10.0],[12.0 14.0 1.0E9 13.0 12.0],[9.0 6.0 12.0 9.0 8.0],[0.0 0.0 0.0 0.0 0.0],[9.0 10.0 1.0E9 12.0 13.0],[8.0 9.0 8.0 13.0 10.0],[11.0 7.0 1.0E9 12.0 10.0],[6.0 7.0 9.0 6.0 8.0],[14.0 8.0 9.0 14.0 9.0],[7.0 6.0 1.0E9 11.0 13.0],[13.0 8.0 12.0 10.0 13.0],[10.0 6.0 1.0E9 10.0 10.0],[10.0 9.0 15.0 14.0 9.0],[8.0 10.0 15.0 11.0 9.0],[7.0 6.0 9.0 7.0 9.0],[7.0 9.0 1.0E9 13.0 12.0],[8.0 8.0 1.0E9 10.0 12.0],[8.0 7.0 11.0 7.0 12.0],[13.0 14.0 1.0E9 12.0 15.0],[8.0 8.0 13.0 8.0 13.0],[8.0 7.0 1.0E9 12.0 13.0],[9.0 13.0 12.0 8.0 10.0],[6.0 4.0 8.0 7.0 7.0],[10.0 9.0 1.0E9 15.0 14.0]]
[[11.0 13.0 1.0E9 9.0 14.0],[7.0 6.0 9.0 12.0 10.0],[8.0 10.0 1.0E9 12.0 12.0],[14.0 9.0 1.0E9 12.0 9.0],[7.0 7.0 8.0 9.0 11.0],[12.0 9.0 14.0 12.0 14.0],[12.0 7.0 1.0E9 12.0 12.0],[11.0 11.0 1.0E9 10.0 13.0],[10.0 13.0 1.0E9 13.0 14.0],[10.0 9.0 12.0 13.0 10.0],[10.0 9.0 11.0 13.0 12.0],[0.0 0.0 0.0 0.0 0.0],[9.0 12.0 10.0 12.0 12.0],[11.0 9.0 1.0E9 14.0 8.0],[9.0 7.0 7.0 7.0 12.0],[14.0 9.0 15.0 11.0 10.0],[7.0 12.0 1.0E9 12.0 15.0],[11.0 10.0 8.0 14.0 9.0],[11.0 8.0 1.0E9 9.0 13.0],[10.0 13.0 10.0 12.0 15.0],[10.0 12.0 9.0 15.0 15.0],[6.0 5.0 6.0 9.0 8.0],[9.0 8.0 1.0E9 12.0 10.0],[10.0 9.0 1.0E9 11.0 9.0],[8.0 6.0 9.0 7.0 9.0],[10.0 15.0 1.0E9 8.0 14.0],[11.0 10.0 15.0 11.0 10.0],[8.0 8.0 1.0E9 8.0 8.0],[10.0 10.0 8.0 12.0 12.0],[4.0 4.0 8.0 5.0 6.0],[13.0 11.0 1.0E9 9.0 10.0]]
[[9.0 12.0 1.0E9 10.0 10.0],[9.0 5.0 8.0 9.0 9.0],[13.0 9.0 1.0E9 10.0 12.0],[14.0 15.0 1.0E9 13.0 8.0],[11.0 12.0 10.0 15.0 10.0],[13.0 11.0 8.0 10.0 12.0],[12.0 12.0 1.0E9 12.0 14.0],[13.0 15.0 1.0E9 11.0 9.0],[10.0 9.0 1.0E9 13.0 12.0],[10.0 9.0 12.0 13.0 14.0],[11.0 7.0 14.0 12.0 11.0],[9.0 12.0 1.0E9 12.0 14.0],[0.0 0.0 0.0 0.0 0.0],[10.0 7.0 1.0E9 9.0 9.0],[7.0 6.0 9.0 11.0 11.0],[13.0 12.0 13.0 14.0 12.0],[11.0 10.0 1.0E9 12.0 13.0],[11.0 11.0 11.0 10.0 11.0],[6.0 10.0 1.0E9 10.0 10.0],[13.0 13.0 9.0 10.0 11.0],[14.0 11.0 9.0 8.0 13.0],[5.0 7.0 6.0 10.0 8.0],[7.0 6.0 1.0E9 13.0 12.0],[11.0 8.0 1.0E9 11.0 12.0],[6.0 5.0 8.0 9.0 7.0],[13.0 14.0 1.0E9 11.0 13.0],[7.0 11.0 15.0 12.0 11.0],[7.0 12.0 1.0E9 11.0 10.0],[9.0 7.0 9.0 13.0 15.0],[4.0 5.0 8.0 5.0 6.0],[8.0 9.0 1.0E9 12.0 10.0]]
[[9.0 13.0 1.0E9 8.0 15.0],[8.0 6.0 12.0 12.0 9.0],[13.0 10.0 1.0E9 9.0 15.0],[12.0 10.0 1.0E9 10.0 13.0],[7.0 9.0 12.0 13.0 9.0],[9.0 14.0 9.0 9.0 8.0],[8.0 8.0 1.0E9 13.0 13.0],[13.0 13.0 1.0E9 13.0 11.0],[10.0 14.0 1.0E9 9.0 15.0],[7.0 7.0 12.0 11.0 8.0],[9.0 7.0 8.0 10.0 10.0],[11.0 10.0 1.0E9 9.0 15.0],[13.0 14.0 10.0 15.0 10.0],[0.0 0.0 0.0 0.0 0.0],[9.0 5.0 8.0 8.0 11.0],[13.0 13.0 8.0 8.0 15.0],[11.0 7.0 1.0E9 9.0 9.0],[13.0 8.0 9.0 9.0 10.0],[9.0 8.0 1.0E9 8.0 9.0],[10.0 12.0 11.0 14.0 14.0],[11.0 13.0 11.0 11.0 8.0],[6.0 6.0 8.0 9.0 6.0],[8.0 8.0 1.0E9 9.0 12.0],[11.0 11.0 1.0E9 13.0 14.0],[6.0 9.0 7.0 8.0 8.0],[9.0 14.0 1.0E9 12.0 10.0],[11.0 11.0 12.0 15.0 13.0],[12.0 9.0 1.0E9 8.0 13.0],[10.0 9.0 10.0 10.0 8.0],[5.0 5.0 5.0 6.0 6.0],[13.0 8.0 1.0E9 11.0 10.0]]
[[10.0 9.0 1.0E9 14.0 8.0],[9.0 6.0 11.0 11.0 11.0],[9.0 12.0 1.0E9 14.0 14.0],[12.0 10.0 1.0E9 13.0 10.0],[12.0 7.0 10.0 10.0 12.0],[10.0 13.0 12.0 10.0 11.0],[11.0 11.0 1.0E9 10.0 10.0],[14.0 12.0 1.0E9 12.0 13.0],[12.0 10.0 1.0E9 9.0 12.0],[8.0 9.0 13.0 9.0 12.0],[8.0 9.0 10.0 14.0 9.0],[14.0 13.0 1.0E9 13.0 10.0],[9.0 8.0 8.0 10.0 13.0],[7.0 10.0 1.0E9 11.0 14.0],[0.0 0.0 0.0 0.0 0.0],[14.0 14.0 13.0 14.0 15.0],[10.0 8.0 1.0E9 10.0 13.0],[13.0 13.0 13.0 10.0 13.0],[11.0 11.0 1.0E9 12.0 11.0],[13.0 7.0 11.0 14.0 15.0],[13.0 10.0 13.0 13.0 12.0],[5.0 5.0 10.0 8.0 7.0],[6.0 10.0 1.0E9 14.0 14.0],[8.0 7.0 1.0E9 10.0 15.0],[7.0 7.0 12.0 11.0 9.0],[15.0 10.0 1.0E9 12.0 12.0],[10.0 11.0 9.0 12.0 9.0],[10.0 11.0 1.0E9 10.0 9.0],[7.0 10.0 14.0 11.0 14.0],[6.0 5.0 8.0 6.0 5.0],[11.0 10.0 1.0E9 12.0 14.0]]
[[13.0 11.0 1.0E9 10.0 8.0],[7.0 8.0 9.0 7.0 8.0],[9.0 13.0 1.0E9 14.0 14.0],[11.0 9.0 1.0E9 12.0 12.0],[9.0 8.0 15.0 8.0 14.0],[8.0 11.0 12.0 9.0 13.0],[11.0 13.0 1.0E9 13.0 12.0],[9.0 13.0 1.0E9 12.0 10.0],[11.0 12.0 1.0E9 8.0 8.0],[8.0 9.0 12.0 8.0 12.0],[10.0 10.0 12.0 11.0 12.0],[9.0 9.0 1.0E9 10.0 8.0],[9.0 9.0 9.0 12.0 11.0],[11.0 9.0 1.0E9 14.0 8.0],[8.0 6.0 10.0 11.0 11.0],[0.0 0.0 0.0 0.0 0.0],[12.0 9.0 1.0E9 10.0 14.0],[13.0 7.0 13.0 14.0 12.0],[7.0 7.0 1.0E9 12.0 9.0],[13.0 11.0 14.0 10.0 12.0],[13.0 11.0 14.0 13.0 9.0],[6.0 8.0 9.0 10.0 9.0],[9.0 11.0 1.0E9 11.0 14.0],[9.0 8.0 1.0E9 8.0 10.0],[7.0 6.0 8.0 11.0 8.0],[11.0 13.0 1.0E9 12.0 14.0],[7.0 10.0 10.0 11.0 11.0],[8.0 12.0 1.0E9 11.0 12.0],[7.0 13.0 15.0 12.0 9.0],[6.0 5.0 6.0 7.0 7.0],[12.0 12.0 1.0E9 12.0 12.0]]
[[11.0 13.0 1.0E9 9.0 13.0],[8.0 8.0 8.0 10.0 8.0],[11.0 9.0 1.0E9 13.0 13.0],[14.0 12.0 1.0E9 11.0 12.0],[11.0 8.0 11.0 11.0 9.0],[10.0 12.0 14.0 13.0 12.0],[10.0 7.0 1.0E9 11.0 11.0],[10.0 14.0 1.0E9 8.0 9.0],[8.0 8.0 1.0E9 12.0 13.0],[8.0 10.0 9.0 12.0 14.0],[10.0 7.0 11.0 12.0 10.0],[12.0 9.0 1.0E9 8.0 14.0],[11.0 10.0 13.0 14.0 15.0],[7.0 11.0 1.0E9 14.0 14.0],[8.0 9.0 10.0 9.0 11.0],[14.0 11.0 13.0 13.0 14.0],[0.0 0.0 0.0 0.0 0.0],[12.0 8.0 8.0 15.0 8.0],[9.0 11.0 1.0E9 12.0 9.0],[8.0 8.0 14.0 12.0 10.0],[14.0 14.0 9.0 10.0 11.0],[6.0 8.0 10.0 8.0 9.0],[11.0 9.0 1.0E9 14.0 12.0],[12.0 7.0 1.0E9 13.0 14.0],[6.0 7.0 11.0 9.0 9.0],[11.0 14.0 1.0E9 9.0 11.0],[9.0 12.0 9.0 14.0 9.0],[7.0 7.0 1.0E9 10.0 9.0],[13.0 10.0 12.0 10.0 12.0],[6.0 6.0 7.0 5.0 5.0],[11.0 10.0 1.0E9 12.0 9.0]]
[[12.0 13.0 1.0E9 10.0 13.0],[9.0 6.0 7.0 7.0 7.0],[11.0 10.0 1.0E9 8.0 8.0],[13.0 8.0 1.0E9 8.0 12.0],[10.0 10.0 13.0 11.0 8.0],[14.0 10.0 11.0 9.0 11.0],[11.0 8.0 1.0E9 8.0 14.0],[13.0 11.0 1.0E9 13.0 10.0],[15.0 10.0 1.0E9 9.0 11.0],[10.0 7.0 8.0 12.0 14.0],[7.0 7.0 9.0 9.0 9.0],[14.0 8.0 1.0E9 10.0 10.0],[8.0 10.0 9.0 11.0 10.0],[9.0 13.0 1.0E9 12.0 12.0],[8.0 9.0 11.0 12.0 10.0],[13.0 11.0 15.0 10.0 10.0],[11.0 11.0 1.0E9 14.0 8.0],[0.0 0.0 0.0 0.0 0.0],[10.0 10.0 1.0E9 9.0 8.0],[10.0 10.0 8.0 10.0 9.0],[13.0 8.0 11.0 14.0 8.0],[6.0 7.0 9.0 8.0 8.0],[10.0 10.0 1.0E9 13.0 11.0],[10.0 7.0 1.0E9 11.0 12.0],[8.0 6.0 7.0 12.0 7.0],[14.0 10.0 1.0E9 14.0 14.0],[11.0 12.0 15.0 8.0 9.0],[12.0 11.0 1.0E9 15.0 15.0],[13.0 11.0 9.0 11.0 8.0],[5.0 6.0 7.0 8.0 7.0],[13.0 11.0 1.0E9 13.0 12.0]]
[[13.0 14.0 1.0E9 9.0 10.0],[10.0 7.0 11.0 9.0 7.0],[10.0 13.0 1.0E9 13.0 13.0],[14.0 10.0 1.0E9 15.0 9.0],[9.0 11.0 8.0 15.0 12.0],[13.0 13.0 13.0 12.0 9.0],[8.0 11.0 1.0E9 11.0 8.0],[12.0 10.0 1.0E9 9.0 15.0],[14.0 14.0 1.0E9 9.0 9.0],[10.0 11.0 8.0 11.0 14.0],[9.0 10.0 13.0 14.0 11.0],[12.0 10.0 1.0E9 8.0 13.0],[9.0 12.0 9.0 15.0 9.0],[9.0 11.0 1.0E9 8.0 12.0],[7.0 7.0 10.0 11.0 11.0],[15.0 13.0 12.0 9.0 14.0],[7.0 9.0 1.0E9 11.0 14.0],[10.0 10.0 12.0 8.0 12.0],[0.0 0.0 0.0 0.0 0.0],[10.0 9.0 15.0 9.0 10.0],[9.0 10.0 10.0 15.0 15.0],[5.0 6.0 7.0 10.0 7.0],[11.0 11.0 1.0E9 12.0 11.0],[12.0 11.0 1.0E9 13.0 15.0],[6.0 9.0 7.0 8.0 11.0],[10.0 10.0 1.0E9 9.0 11.0],[8.0 7.0 12.0 12.0 13.0],[10.0 7.0 1.0E9 13.0 15.0],[9.0 9.0 12.0 9.0 9.0],[6.0 4.0 5.0 6.0 7.0],[11.0 10.0 1.0E9 10.0 11.0]]
[[13.0 12.0 1.0E9 11.0 10.0],[9.0 7.0 10.0 12.0 9.0],[13.0 10.0 1.0E9 9.0 11.0],[11.0 14.0 1.0E9 9.0 9.0],[10.0 9.0 11.0 15.0 10.0],[8.0 10.0 10.0 12.0 10.0],[8.0 11.0 1.0E9 12.0 9.0],[11.0 15.0 1.0E9 14.0 10.0],[9.0 9.0 1.0E9 14.0 12.0],[9.0 6.0 11.0 9.0 11.0],[11.0 8.0 10.0 10.0 11.0],[14.0 9.0 1.0E9 14.0 11.0],[9.0 12.0 13.0 12.0 15.0],[9.0 10.0 1.0E9 14.0 15.0],[7.0 8.0 12.0 8.0 11.0],[9.0 8.0 13.0 13.0 9.0],[8.0 9.0 1.0E9 12.0 9.0],[8.0 8.0 15.0 15.0 10.0],[8.0 8.0 1.0E9 9.0 14.0],[0.0 0.0 0.0 0.0 0.0],[10.0 11.0 11.0 15.0 9.0],[7.0 8.0 7.0 10.0 9.0],[7.0 8.0 1.0E9 14.0 9.0],[10.0 7.0 1.0E9 12.0 9.0],[8.0 7.0 8.0 10.0 9.0],[9.0 14.0 1.0E9 10.0 12.0],[10.0 9.0 15.0 9.0 10.0],[8.0 7.0 1.0E9 11.0 12.0],[9.0 11.0 11.0 11.0 13.0],[4.0 3.0 6.0 5.0 7.0],[11.0 8.0 1.0E9 12.0 8.0]]
[[9.0 14.0 1.0E9 14.0 10.0],[9.0 7.0 10.0 7.0 9.0],[11.0 9.0 1.0E9 13.0 8.0],[11.0 8.0 1.0E9 10.0 12.0],[7.0 11.0 10.0 9.0 11.0],[13.0 12.0 13.0 14.0 9.0],[11.0 11.0 1.0E9 12.0 14.0],[11.0 14.0 1.0E9 9.0 9.0],[11.0 14.0 1.0E9 14.0 9.0],[7.0 11.0 12.0 10.0 9.0],[9.0 10.0 8.0 12.0 11.0],[11.0 14.0 1.0E9 15.0 15.0],[14.0 13.0 12.0 12.0 13.0],[8.0 10.0 1.0E9 8.0 9.0],[6.0 9.0 12.0 12.0 7.0],[10.0 8.0 11.0 15.0 10.0],[12.0 12.0 1.0E9 9.0 8.0],[13.0 11.0 9.0 13.0 9.0],[12.0 11.0 1.0E9 8.0 9.0],[11.0 9.0 8.0 12.0 12.0],[0.0 0.0 0.0 0.0 0.0],[7.0 6.0 7.0 9.0 7.0],[8.0 12.0 1.0E9 11.0 8.0],[11.0 9.0 1.0E9 9.0 9.0],[6.0 8.0 7.0 9.0 8.0],[15.0 14.0 1.0E9 13.0 13.0],[9.0 12.0 9.0 15.0 14.0],[12.0 7.0 1.0E9 12.0 8.0],[13.0 11.0 12.0 11.0 9.0],[4.0 6.0 6.0 7.0 4.0],[12.0 8.0 1.0E9 12.0 11.0]]
[[9.0 13.0 1.0E9 14.0 12.0],[6.0 8.0 7.0 10.0 8.0],[13.0 14.0 1.0E9 15.0 11.0],[10.0 8.0 1.0E9 14.0 14.0],[8.0 8.0 11.0 12.0 9.0],[10.0 13.0 11.0 12.0 13.0],[11.0 8.0 1.0E9 15.0 8.0],[8.0 10.0 1.0E9 11.0 13.0],[12.0 11.0 1.0E9 14.0 11.0],[11.0 10.0 10.0 8.0 8.0],[11.0 10.0 14.0 11.0 13.0],[10.0 11.0 1.0E9 10.0 14.0],[8.0 14.0 14.0 10.0 8.0],[12.0 11.0 1.0E9 14.0 11.0],[10.0 8.0 9.0 7.0 9.0],[11.0 10.0 15.0 14.0 15.0],[10.0 7.0 1.0E9 13.0 8.0],[13.0 10.0 8.0 8.0 11.0],[9.0 9.0 1.0E9 12.0 8.0],[9.0 12.0 9.0 15.0 10.0],[11.0 15.0 11.0 8.0 10.0],[0.0 0.0 0.0 0.0 0.0],[8.0 9.0 1.0E9 14.0 10.0],[11.0 10.0 1.0E9 11.0 14.0],[6.0 8.0 8.0 8.0 10.0],[9.0 8.0 1.0E9 10.0 15.0],[13.0 11.0 13.0 14.0 9.0],[12.0 11.0 1.0E9 12.0 12.0],[12.0 13.0 14.0 15.0 11.0],[4.0 5.0 4.0 8.0 7.0],[8.0 12.0 1.0E9 14.0 12.0]]
[[10.0 10.0 1.0E9 10.0 15.0],[6.0 6.0 12.0 11.0 10.0],[10.0 7.0 1.0E9 9.0 9.0],[11.0 8.0 1.0E9 9.0 9.0],[12.0 11.0 11.0 14.0 11.0],[10.0 13.0 15.0 12.0 9.0],[11.0 12.0 1.0E9 11.0 11.0],[9.0 14.0 1.0E9 9.0 8.0],[13.0 14.0 1.0E9 11.0 15.0],[10.0 8.0 9.0 13.0 9.0],[6.0 10.0 13.0 12.0 13.0],[12.0 13.0 1.0E9 11.0 15.0],[12.0 14.0 15.0 11.0 11.0],[13.0 10.0 1.0E9 11.0 12.0],[9.0 8.0 9.0 11.0 11.0],[11.0 8.0 12.0 11.0 13.0],[9.0 7.0 1.0E9 8.0 11.0],[13.0 12.0 14.0 13.0 8.0],[8.0 10.0 1.0E9 10.0 13.0],[9.0 10.0 13.0 11.0 15.0],[14.0 13.0 14.0 8.0 9.0],[5.0 5.0 8.0 7.0 7.0],[0.0 0.0 0.0 0.0 0.0],[8.0 12.0 1.0E9 14.0 9.0],[5.0 6.0 9.0 11.0 8.0],[10.0 8.0 1.0E9 14.0 15.0],[13.0 12.0 11.0 12.0 10.0],[8.0 11.0 1.0E9 12.0 13.0],[12.0 11.0 11.0 15.0 10.0],[5.0 4.0 5.0 7.0 7.0],[8.0 13.0 1.0E9 11.0 15.0]]
[[10.0 13.0 1.0E9 10.0 14.0],[8.0 9.0 7.0 9.0 10.0],[10.0 13.0 1.0E9 11.0 9.0],[14.0 9.0 1.0E9 8.0 14.0],[10.0 9.0 11.0 14.0 8.0],[10.0 11.0 10.0 10.0 14.0],[8.0 7.0 1.0E9 11.0 8.0],[8.0 11.0 1.0E9 14.0 12.0],[11.0 13.0 1.0E9 12.0 10.0],[9.0 10.0 8.0 12.0 10.0],[10.0 7.0 8.0 11.0 12.0],[14.0 11.0 1.0E9 9.0 12.0],[10.0 12.0 11.0 9.0 11.0],[8.0 12.0 1.0E9 12.0 15.0],[7.0 5.0 9.0 10.0 7.0],[12.0 10.0 9.0 10.0 9.0],[8.0 12.0 1.0E9 15.0 14.0],[8.0 13.0 9.0 14.0 15.0],[10.0 10.0 1.0E9 13.0 9.0],[10.0 9.0 10.0 14.0 11.0],[13.0 13.0 14.0 11.0 10.0],[8.0 7.0 9.0 8.0 10.0],[7.0 11.0 1.0E9 9.0 11.0],[0.0 0.0 0.0 0.0 0.0],[7.0 7.0 11.0 11.0 7.0],[14.0 14.0 1.0E9 13.0 10.0],[12.0 8.0 13.0 12.0 14.0],[12.0 10.0 1.0E9 14.0 10.0],[11.0 10.0 9.0 12.0 14.0],[5.0 5.0 5.0 4.0 5.0],[10.0 11.0 1.0E9 15.0 12.0]]
[[8.0 13.0 1.0E9 10.0 15.0],[5.0 8.0 11.0 11.0 12.0],[7.0 9.0 1.0E9 15.0 12.0],[13.0 10.0 1.0E9 13.0 11.0],[7.0 8.0 13.0 8.0 14.0],[12.0 12.0 12.0 12.0 10.0],[12.0 12.0 1.0E9 13.0 11.0],[9.0 11.0 1.0E9 9.0 11.0],[12.0 14.0 1.0E9 12.0 14.0],[7.0 11.0 13.0 11.0 12.0],[9.0 10.0 11.0 12.0 14.0],[11.0 14.0 1.0E9 8.0 14.0],[13.0 11.0 14.0 9.0 8.0],[9.0 11.0 1.0E9 11.0 11.0],[7.0 7.0 8.0 10.0 11.0],[13.0 14.0 9.0 11.0 11.0],[8.0 11.0 1.0E9 11.0 9.0],[11.0 13.0 12.0 14.0 12.0],[12.0 12.0 1.0E9 14.0 8.0],[12.0 11.0 14.0 10.0 15.0],[10.0 14.0 15.0 12.0 15.0],[7.0 5.0 8.0 8.0 7.0],[8.0 7.0 1.0E9 8.0 10.0],[8.0 11.0 1.0E9 10.0 13.0],[0.0 0.0 0.0 0.0 0.0],[8.0 8.0 1.0E9 10.0 13.0],[8.0 10.0 9.0 13.0 12.0],[12.0 9.0 1.0E9 9.0 9.0],[13.0 8.0 12.0 12.0 11.0],[6.0 5.0 7.0 4.0 5.0],[10.0 9.0 1.0E9 11.0 10.0]]
[[9.0 8.0 1.0E9 8.0 12.0],[9.0 9.0 10.0 12.0 9.0],[9.0 8.0 1.0E9 11.0 10.0],[8.0 11.0 1.0E9 10.0 12.0],[7.0 7.0 13.0 8.0 12.0],[12.0 13.0 14.0 8.0 9.0],[11.0 10.0 1.0E9 9.0 11.0],[12.0 12.0 1.0E9 9.0 13.0],[8.0 14.0 1.0E9 13.0 11.0],[9.0 8.0 11.0 7.0 14.0],[8.0 8.0 9.0 14.0 9.0],[13.0 8.0 1.0E9 11.0 10.0],[14.0 11.0 11.0 12.0 13.0],[9.0 10.0 1.0E9 11.0 13.0],[6.0 6.0 11.0 11.0 12.0],[14.0 14.0 14.0 12.0 8.0],[7.0 9.0 1.0E9 14.0 15.0],[12.0 10.0 10.0 11.0 13.0],[7.0 8.0 1.0E9 12.0 12.0],[12.0 8.0 10.0 11.0 9.0],[11.0 14.0 11.0 12.0 9.0],[8.0 7.0 8.0 6.0 6.0],[11.0 9.0 1.0E9 13.0 14.0],[8.0 9.0 1.0E9 11.0 14.0],[6.0 5.0 11.0 12.0 9.0],[0.0 0.0 0.0 0.0 0.0],[9.0 12.0 15.0 12.0 12.0],[11.0 12.0 1.0E9 10.0 9.0],[8.0 9.0 12.0 11.0 12.0],[5.0 4.0 5.0 6.0 7.0],[8.0 10.0 1.0E9 8.0 8.0]]
[[12.0 12.0 1.0E9 11.0 12.0],[8.0 9.0 12.0 11.0 9.0],[11.0 8.0 1.0E9 15.0 9.0],[11.0 13.0 1.0E9 12.0 8.0],[8.0 8.0 14.0 10.0 14.0],[9.0 12.0 9.0 9.0 8.0],[7.0 12.0 1.0E9 11.0 14.0],[10.0 11.0 1.0E9 9.0 10.0],[11.0 13.0 1.0E9 9.0 10.0],[11.0 7.0 11.0 12.0 13.0],[11.0 8.0 8.0 13.0 12.0],[10.0 8.0 1.0E9 14.0 10.0],[10.0 11.0 10.0 12.0 8.0],[11.0 14.0 1.0E9 13.0 14.0],[6.0 10.0 11.0 7.0 8.0],[12.0 11.0 13.0 12.0 8.0],[11.0 10.0 1.0E9 9.0 14.0],[13.0 9.0 11.0 8.0 15.0],[9.0 10.0 1.0E9 12.0 13.0],[9.0 10.0 11.0 11.0 14.0],[8.0 13.0 10.0 15.0 11.0],[5.0 6.0 9.0 7.0 6.0],[8.0 8.0 1.0E9 10.0 10.0],[10.0 11.0 1.0E9 13.0 12.0],[7.0 7.0 9.0 7.0 10.0],[13.0 13.0 1.0E9 8.0 15.0],[0.0 0.0 0.0 0.0 0.0],[8.0 7.0 1.0E9 10.0 13.0],[11.0 10.0 12.0 10.0 12.0],[5.0 4.0 5.0 6.0 6.0],[11.0 13.0 1.0E9 12.0 12.0]]
[[11.0 9.0 1.0E9 15.0 10.0],[9.0 8.0 8.0 7.0 12.0],[11.0 9.0 1.0E9 13.0 11.0],[13.0 12.0 1.0E9 14.0 15.0],[11.0 8.0 8.0 11.0 13.0],[13.0 14.0 11.0 9.0 13.0],[11.0 12.0 1.0E9 11.0 12.0],[10.0 9.0 1.0E9 11.0 10.0],[11.0 15.0 1.0E9 15.0 10.0],[6.0 11.0 10.0 9.0 10.0],[7.0 8.0 11.0 11.0 13.0],[13.0 9.0 1.0E9 9.0 14.0],[11.0 11.0 11.0 11.0 9.0],[13.0 12.0 1.0E9 14.0 15.0],[7.0 9.0 9.0 10.0 10.0],[11.0 14.0 14.0 9.0 14.0],[10.0 11.0 1.0E9 12.0 12.0],[8.0 7.0 11.0 13.0 10.0],[10.0 11.0 1.0E9 12.0 12.0],[12.0 12.0 13.0 8.0 13.0],[8.0 11.0 12.0 12.0 12.0],[7.0 7.0 8.0 8.0 7.0],[10.0 6.0 1.0E9 12.0 10.0],[8.0 7.0 1.0E9 11.0 10.0],[6.0 9.0 8.0 7.0 8.0],[15.0 14.0 1.0E9 11.0 8.0],[12.0 9.0 9.0 12.0 14.0],[0.0 0.0 0.0 0.0 0.0],[7.0 9.0 12.0 15.0 11.0],[4.0 5.0 7.0 7.0 4.0],[10.0 11.0 1.0E9 15.0 15.0]]
[[12.0 7.0 1.0E9 14.0 13.0],[5.0 6.0 8.0 7.0 10.0],[10.0 7.0 1.0E9 9.0 13.0],[8.0 12.0 1.0E9 15.0 12.0],[10.0 10.0 11.0 10.0 10.0],[9.0 11.0 14.0 13.0 11.0],[9.0 7.0 1.0E9 9.0 11.0],[13.0 15.0 1.0E9 11.0 8.0],[15.0 14.0 1.0E9 14.0 8.0],[8.0 11.0 10.0 12.0 12.0],[6.0 10.0 13.0 11.0 8.0],[13.0 14.0 1.0E9 8.0 10.0],[11.0 8.0 10.0 11.0 14.0],[8.0 11.0 1.0E9 15.0 12.0],[7.0 10.0 9.0 12.0 7.0],[11.0 13.0 14.0 14.0 14.0],[10.0 9.0 1.0E9 14.0 14.0],[7.0 11.0 13.0 15.0 12.0],[9.0 8.0 1.0E9 12.0 9.0],[13.0 8.0 9.0 9.0 10.0],[13.0 12.0 8.0 10.0 14.0],[8.0 7.0 6.0 6.0 9.0],[7.0 7.0 1.0E9 8.0 8.0],[8.0 8.0 1.0E9 12.0 12.0],[7.0 6.0 10.0 12.0 12.0],[14.0 8.0 1.0E9 12.0 14.0],[11.0 9.0 10.0 8.0 15.0],[7.0 11.0 1.0E9 10.0 12.0],[0.0 0.0 0.0 0.0 0.0],[5.0 4.0 5.0 5.0 6.0],[10.0 9.0 1.0E9 13.0 13.0]]
[[9.0 13.0 1.0E9 9.0 8.0],[9.0 8.0 9.0 11.0 12.0],[12.0 12.0 1.0E9 14.0 9.0],[11.0 13.0 1.0E9 10.0 12.0],[9.0 12.0 10.0 8.0 8.0],[11.0 8.0 12.0 11.0 9.0],[7.0 9.0 1.0E9 9.0 12.0],[14.0 15.0 1.0E9 12.0 13.0],[15.0 15.0 1.0E9 12.0 15.0],[10.0 7.0 14.0 10.0 13.0],[8.0 8.0 13.0 9.0 13.0],[15.0 13.0 1.0E9 11.0 8.0],[12.0 13.0 13.0 9.0 9.0],[8.0 11.0 1.0E9 13.0 9.0],[7.0 6.0 9.0 8.0 7.0],[12.0 13.0 8.0 8.0 13.0],[7.0 12.0 1.0E9 14.0 12.0],[10.0 12.0 11.0 11.0 9.0],[11.0 7.0 1.0E9 14.0 8.0],[12.0 11.0 12.0 8.0 11.0],[13.0 12.0 8.0 12.0 12.0],[7.0 6.0 6.0 9.0 6.0],[7.0 9.0 1.0E9 14.0 9.0],[11.0 11.0 1.0E9 12.0 12.0],[6.0 8.0 12.0 7.0 10.0],[12.0 12.0 1.0E9 8.0 14.0],[11.0 7.0 12.0 11.0 12.0],[11.0 7.0 1.0E9 9.0 12.0],[11.0 11.0 12.0 12.0 9.0],[0.0 0.0 0.0 0.0 0.0],[13.0 11.0 1.0E9 13.0 13.0]]
[[12.0 10.0 1.0E9 11.0 15.0],[6.0 6.0 11.0 7.0 8.0],[13.0 13.0 1.0E9 12.0 12.0],[9.0 12.0 1.0E9 12.0 13.0],[12.0 9.0 14.0 10.0 14.0],[8.0 10.0 11.0 14.0 9.0],[10.0 7.0 1.0E9 13.0 11.0],[12.0 13.0 1.0E9 9.0 14.0],[14.0 9.0 1.0E9 8.0 13.0],[7.0 10.0 11.0 9.0 13.0],[8.0 7.0 14.0 13.0 8.0],[14.0 14.0 1.0E9 12.0 11.0],[9.0 11.0 10.0 13.0 9.0],[12.0 13.0 1.0E9 10.0 13.0],[7.0 8.0 8.0 9.0 9.0],[11.0 13.0 12.0 13.0 10.0],[8.0 8.0 1.0E9 8.0 12.0],[11.0 7.0 12.0 13.0 12.0],[10.0 8.0 1.0E9 9.0 8.0],[9.0 9.0 11.0 9.0 10.0],[14.0 13.0 15.0 14.0 15.0],[5.0 5.0 6.0 9.0 10.0],[12.0 9.0 1.0E9 13.0 12.0],[8.0 11.0 1.0E9 14.0 13.0],[7.0 6.0 10.0 9.0 8.0],[15.0 13.0 1.0E9 13.0 13.0],[11.0 11.0 11.0 10.0 9.0],[10.0 10.0 1.0E9 11.0 14.0],[9.0 11.0 14.0 12.0 10.0],[5.0 6.0 6.0 5.0 7.0],[0.0 0.0 0.0 0.0 0.0]]];
Cijk = [[[0.0 0.0 0.0 0.0 0.0],[9.0 8.0 9.0 8.0 8.0],[11.0 12.0 1.0E9 9.0 9.0],[10.0 12.0 1.0E9 14.0 13.0],[9.0 12.0 9.0 14.0 9.0],[10.0 11.0 14.0 15.0 10.0],[12.0 10.0 1.0E9 11.0 13.0],[13.0 8.0 1.0E9 8.0 8.0],[11.0 9.0 1.0E9 15.0 13.0],[9.0 8.0 9.0 11.0 7.0],[8.0 11.0 12.0 10.0 11.0],[12.0 10.0 1.0E9 12.0 9.0],[12.0 14.0 9.0 13.0 10.0],[11.0 9.0 1.0E9 12.0 8.0],[9.0 6.0 8.0 10.0 10.0],[14.0 13.0 9.0 8.0 13.0],[11.0 8.0 1.0E9 13.0 13.0],[12.0 13.0 9.0 12.0 14.0],[11.0 12.0 1.0E9 13.0 9.0],[8.0 8.0 9.0 10.0 13.0],[9.0 15.0 15.0 15.0 13.0],[6.0 8.0 10.0 9.0 6.0],[9.0 8.0 1.0E9 12.0 8.0],[10.0 12.0 1.0E9 15.0 12.0],[7.0 7.0 9.0 6.0 8.0],[9.0 10.0 1.0E9 11.0 13.0],[13.0 11.0 11.0 14.0 11.0],[12.0 10.0 1.0E9 12.0 13.0],[12.0 11.0 12.0 11.0 14.0],[6.0 6.0 6.0 5.0 6.0],[10.0 9.0 1.0E9 12.0 13.0]]
[[8.0 14.0 1.0E9 12.0 8.0],[0.0 0.0 0.0 0.0 0.0],[12.0 11.0 1.0E9 10.0 11.0],[9.0 14.0 1.0E9 10.0 14.0],[10.0 8.0 12.0 13.0 13.0],[9.0 8.0 13.0 12.0 11.0],[11.0 13.0 1.0E9 14.0 12.0],[12.0 11.0 1.0E9 8.0 13.0],[10.0 14.0 1.0E9 15.0 13.0],[8.0 10.0 7.0 11.0 9.0],[11.0 9.0 11.0 10.0 11.0],[10.0 11.0 1.0E9 11.0 15.0],[10.0 13.0 11.0 9.0 13.0],[9.0 13.0 1.0E9 10.0 14.0],[9.0 8.0 8.0 11.0 11.0],[14.0 10.0 12.0 12.0 13.0],[6.0 7.0 1.0E9 8.0 10.0],[11.0 10.0 10.0 13.0 11.0],[11.0 7.0 1.0E9 9.0 14.0],[11.0 13.0 8.0 13.0 12.0],[12.0 8.0 9.0 13.0 15.0],[7.0 7.0 7.0 9.0 8.0],[10.0 7.0 1.0E9 8.0 13.0],[11.0 11.0 1.0E9 10.0 13.0],[6.0 8.0 10.0 11.0 9.0],[13.0 11.0 1.0E9 11.0 13.0],[8.0 9.0 14.0 9.0 10.0],[7.0 11.0 1.0E9 12.0 15.0],[11.0 8.0 14.0 8.0 12.0],[6.0 6.0 7.0 6.0 6.0],[8.0 11.0 1.0E9 14.0 8.0]]
[[11.0 11.0 1.0E9 14.0 8.0],[6.0 6.0 9.0 9.0 11.0],[0.0 0.0 0.0 0.0 0.0],[14.0 8.0 1.0E9 13.0 11.0],[11.0 9.0 15.0 12.0 10.0],[9.0 14.0 8.0 9.0 10.0],[7.0 9.0 1.0E9 11.0 15.0],[12.0 15.0 1.0E9 14.0 10.0],[13.0 9.0 1.0E9 9.0 8.0],[7.0 11.0 8.0 10.0 13.0],[10.0 10.0 13.0 9.0 14.0],[12.0 11.0 1.0E9 8.0 12.0],[9.0 13.0 14.0 13.0 12.0],[9.0 12.0 1.0E9 8.0 14.0],[9.0 8.0 7.0 9.0 10.0],[11.0 11.0 14.0 15.0 9.0],[8.0 9.0 1.0E9 12.0 14.0],[12.0 12.0 10.0 11.0 13.0],[8.0 10.0 1.0E9 14.0 8.0],[12.0 9.0 12.0 15.0 14.0],[13.0 11.0 11.0 9.0 15.0],[5.0 7.0 9.0 7.0 7.0],[7.0 9.0 1.0E9 13.0 12.0],[12.0 7.0 1.0E9 15.0 9.0],[6.0 6.0 6.0 11.0 7.0],[13.0 9.0 1.0E9 9.0 15.0],[11.0 10.0 12.0 10.0 13.0],[11.0 12.0 1.0E9 10.0 10.0],[12.0 9.0 10.0 11.0 14.0],[5.0 4.0 7.0 5.0 5.0],[13.0 9.0 1.0E9 10.0 10.0]]
[[11.0 9.0 1.0E9 12.0 12.0],[7.0 7.0 7.0 12.0 9.0],[11.0 9.0 1.0E9 10.0 15.0],[0.0 0.0 0.0 0.0 0.0],[7.0 9.0 10.0 15.0 10.0],[14.0 11.0 10.0 11.0 11.0],[10.0 13.0 1.0E9 14.0 11.0],[14.0 13.0 1.0E9 8.0 10.0],[15.0 9.0 1.0E9 14.0 13.0],[10.0 6.0 11.0 10.0 9.0],[8.0 8.0 12.0 9.0 13.0],[11.0 13.0 1.0E9 11.0 11.0],[12.0 11.0 8.0 10.0 11.0],[10.0 11.0 1.0E9 14.0 8.0],[7.0 7.0 11.0 11.0 12.0],[11.0 8.0 9.0 14.0 11.0],[11.0 9.0 1.0E9 9.0 13.0],[12.0 9.0 11.0 13.0 14.0],[8.0 9.0 1.0E9 13.0 10.0],[11.0 7.0 12.0 12.0 15.0],[13.0 12.0 11.0 8.0 10.0],[8.0 8.0 7.0 6.0 6.0],[7.0 7.0 1.0E9 12.0 10.0],[11.0 12.0 1.0E9 8.0 11.0],[9.0 7.0 7.0 11.0 10.0],[11.0 8.0 1.0E9 10.0 12.0],[13.0 9.0 12.0 13.0 9.0],[8.0 11.0 1.0E9 14.0 10.0],[11.0 12.0 11.0 9.0 12.0],[5.0 6.0 7.0 8.0 5.0],[13.0 8.0 1.0E9 8.0 13.0]]
[[12.0 12.0 1.0E9 12.0 12.0],[8.0 7.0 7.0 9.0 10.0],[10.0 12.0 1.0E9 10.0 13.0],[11.0 10.0 1.0E9 12.0 12.0],[0.0 0.0 0.0 0.0 0.0],[12.0 8.0 11.0 15.0 15.0],[9.0 7.0 1.0E9 9.0 13.0],[13.0 12.0 1.0E9 15.0 14.0],[12.0 12.0 1.0E9 11.0 14.0],[11.0 8.0 8.0 11.0 10.0],[11.0 11.0 10.0 8.0 9.0],[10.0 13.0 1.0E9 12.0 13.0],[14.0 13.0 8.0 11.0 12.0],[13.0 11.0 1.0E9 12.0 10.0],[6.0 9.0 9.0 11.0 7.0],[12.0 14.0 13.0 10.0 13.0],[10.0 8.0 1.0E9 11.0 15.0],[12.0 8.0 14.0 15.0 12.0],[11.0 9.0 1.0E9 8.0 11.0],[12.0 13.0 10.0 14.0 11.0],[8.0 14.0 9.0 9.0 9.0],[8.0 6.0 10.0 7.0 6.0],[8.0 7.0 1.0E9 13.0 9.0],[9.0 9.0 1.0E9 13.0 14.0],[8.0 5.0 7.0 6.0 9.0],[13.0 8.0 1.0E9 12.0 13.0],[11.0 13.0 10.0 11.0 11.0],[10.0 12.0 1.0E9 12.0 13.0],[7.0 12.0 12.0 9.0 13.0],[5.0 5.0 6.0 5.0 6.0],[11.0 11.0 1.0E9 11.0 9.0]]
[[10.0 9.0 1.0E9 15.0 14.0],[5.0 10.0 7.0 8.0 6.0],[8.0 13.0 1.0E9 14.0 9.0],[10.0 9.0 1.0E9 10.0 13.0],[8.0 11.0 8.0 11.0 14.0],[0.0 0.0 0.0 0.0 0.0],[11.0 11.0 1.0E9 12.0 11.0],[10.0 10.0 1.0E9 8.0 8.0],[14.0 9.0 1.0E9 9.0 14.0],[7.0 8.0 12.0 13.0 12.0],[11.0 9.0 8.0 9.0 9.0],[11.0 13.0 1.0E9 10.0 11.0],[13.0 14.0 9.0 8.0 11.0],[9.0 12.0 1.0E9 8.0 8.0],[6.0 9.0 9.0 8.0 9.0],[10.0 11.0 12.0 10.0 14.0],[12.0 7.0 1.0E9 9.0 11.0],[8.0 7.0 13.0 13.0 10.0],[10.0 9.0 1.0E9 13.0 9.0],[12.0 12.0 8.0 13.0 10.0],[13.0 9.0 9.0 13.0 9.0],[5.0 6.0 10.0 8.0 7.0],[11.0 8.0 1.0E9 12.0 11.0],[10.0 12.0 1.0E9 13.0 13.0],[7.0 7.0 9.0 9.0 7.0],[11.0 11.0 1.0E9 13.0 11.0],[12.0 12.0 11.0 9.0 12.0],[12.0 11.0 1.0E9 10.0 12.0],[11.0 12.0 8.0 10.0 14.0],[5.0 6.0 7.0 7.0 7.0],[10.0 11.0 1.0E9 13.0 8.0]]
[[13.0 12.0 1.0E9 10.0 12.0],[6.0 6.0 10.0 6.0 10.0],[12.0 12.0 1.0E9 10.0 10.0],[14.0 9.0 1.0E9 15.0 13.0],[12.0 12.0 13.0 12.0 13.0],[9.0 15.0 14.0 13.0 14.0],[0.0 0.0 0.0 0.0 0.0],[15.0 13.0 1.0E9 14.0 12.0],[10.0 10.0 1.0E9 13.0 14.0],[8.0 7.0 13.0 8.0 14.0],[10.0 9.0 8.0 13.0 12.0],[9.0 9.0 1.0E9 14.0 9.0],[14.0 8.0 13.0 8.0 14.0],[11.0 10.0 1.0E9 12.0 8.0],[10.0 7.0 12.0 7.0 7.0],[13.0 8.0 10.0 11.0 15.0],[10.0 7.0 1.0E9 14.0 12.0],[11.0 9.0 12.0 12.0 11.0],[8.0 11.0 1.0E9 8.0 8.0],[7.0 13.0 13.0 14.0 13.0],[8.0 9.0 8.0 9.0 13.0],[7.0 8.0 7.0 10.0 6.0],[6.0 10.0 1.0E9 14.0 13.0],[9.0 9.0 1.0E9 9.0 9.0],[7.0 8.0 10.0 8.0 12.0],[12.0 9.0 1.0E9 11.0 11.0],[8.0 10.0 13.0 13.0 9.0],[10.0 12.0 1.0E9 11.0 12.0],[13.0 11.0 11.0 13.0 11.0],[5.0 5.0 6.0 7.0 5.0],[10.0 13.0 1.0E9 10.0 11.0]]
[[10.0 8.0 1.0E9 13.0 11.0],[6.0 9.0 6.0 10.0 7.0],[13.0 8.0 1.0E9 14.0 14.0],[10.0 14.0 1.0E9 14.0 8.0],[8.0 9.0 8.0 10.0 11.0],[8.0 12.0 11.0 10.0 13.0],[8.0 8.0 1.0E9 10.0 9.0],[0.0 0.0 0.0 0.0 0.0],[13.0 12.0 1.0E9 11.0 10.0],[11.0 10.0 10.0 10.0 7.0],[11.0 7.0 8.0 12.0 14.0],[10.0 11.0 1.0E9 13.0 13.0],[10.0 12.0 14.0 11.0 14.0],[13.0 10.0 1.0E9 13.0 13.0],[7.0 6.0 8.0 9.0 7.0],[11.0 15.0 14.0 13.0 14.0],[11.0 7.0 1.0E9 8.0 15.0],[9.0 7.0 12.0 13.0 10.0],[6.0 7.0 1.0E9 14.0 8.0],[10.0 13.0 13.0 9.0 15.0],[11.0 8.0 14.0 9.0 10.0],[6.0 5.0 10.0 7.0 10.0],[10.0 9.0 1.0E9 9.0 10.0],[12.0 9.0 1.0E9 9.0 10.0],[9.0 9.0 12.0 8.0 11.0],[12.0 14.0 1.0E9 15.0 15.0],[11.0 8.0 9.0 10.0 11.0],[12.0 9.0 1.0E9 10.0 12.0],[12.0 13.0 13.0 8.0 13.0],[6.0 6.0 6.0 6.0 7.0],[12.0 12.0 1.0E9 10.0 14.0]]
[[9.0 12.0 1.0E9 10.0 13.0],[9.0 9.0 10.0 11.0 7.0],[9.0 11.0 1.0E9 10.0 8.0],[11.0 8.0 1.0E9 9.0 15.0],[11.0 7.0 14.0 11.0 13.0],[13.0 9.0 13.0 8.0 12.0],[11.0 8.0 1.0E9 11.0 9.0],[12.0 9.0 1.0E9 13.0 8.0],[0.0 0.0 0.0 0.0 0.0],[6.0 10.0 8.0 11.0 11.0],[8.0 10.0 8.0 10.0 12.0],[12.0 14.0 1.0E9 11.0 10.0],[13.0 8.0 15.0 14.0 12.0],[8.0 8.0 1.0E9 12.0 9.0],[7.0 9.0 8.0 11.0 11.0],[11.0 9.0 13.0 14.0 12.0],[9.0 8.0 1.0E9 13.0 10.0],[9.0 10.0 11.0 11.0 10.0],[10.0 11.0 1.0E9 8.0 13.0],[8.0 11.0 14.0 10.0 12.0],[8.0 14.0 12.0 14.0 13.0],[7.0 5.0 9.0 7.0 8.0],[11.0 7.0 1.0E9 10.0 11.0],[12.0 12.0 1.0E9 11.0 12.0],[5.0 7.0 7.0 7.0 12.0],[8.0 9.0 1.0E9 13.0 13.0],[7.0 12.0 12.0 9.0 14.0],[12.0 7.0 1.0E9 11.0 14.0],[13.0 9.0 11.0 13.0 14.0],[5.0 4.0 6.0 4.0 5.0],[9.0 8.0 1.0E9 13.0 10.0]]
[[11.0 8.0 1.0E9 15.0 14.0],[7.0 9.0 8.0 7.0 8.0],[13.0 11.0 1.0E9 10.0 14.0],[9.0 10.0 1.0E9 10.0 9.0],[11.0 7.0 14.0 14.0 13.0],[12.0 9.0 14.0 10.0 10.0],[9.0 11.0 1.0E9 8.0 9.0],[13.0 8.0 1.0E9 11.0 12.0],[9.0 10.0 1.0E9 13.0 12.0],[0.0 0.0 0.0 0.0 0.0],[7.0 8.0 10.0 13.0 12.0],[13.0 10.0 1.0E9 13.0 15.0],[12.0 14.0 12.0 9.0 9.0],[13.0 11.0 1.0E9 11.0 14.0],[6.0 9.0 10.0 9.0 11.0],[11.0 12.0 10.0 11.0 10.0],[8.0 8.0 1.0E9 15.0 10.0],[13.0 9.0 14.0 9.0 9.0],[10.0 11.0 1.0E9 13.0 8.0],[8.0 7.0 12.0 10.0 9.0],[14.0 12.0 14.0 10.0 9.0],[7.0 6.0 6.0 6.0 9.0],[12.0 8.0 1.0E9 14.0 11.0],[11.0 8.0 1.0E9 10.0 14.0],[7.0 6.0 10.0 10.0 8.0],[11.0 10.0 1.0E9 8.0 15.0],[9.0 9.0 15.0 12.0 12.0],[9.0 9.0 1.0E9 9.0 11.0],[13.0 8.0 12.0 10.0 11.0],[4.0 5.0 5.0 7.0 7.0],[11.0 12.0 1.0E9 14.0 11.0]]
[[12.0 12.0 1.0E9 15.0 14.0],[8.0 7.0 7.0 7.0 10.0],[8.0 9.0 1.0E9 15.0 8.0],[8.0 14.0 1.0E9 10.0 11.0],[13.0 12.0 15.0 12.0 13.0],[10.0 9.0 13.0 13.0 15.0],[7.0 8.0 1.0E9 12.0 10.0],[14.0 8.0 1.0E9 10.0 10.0],[12.0 14.0 1.0E9 13.0 12.0],[9.0 6.0 12.0 9.0 8.0],[0.0 0.0 0.0 0.0 0.0],[9.0 10.0 1.0E9 12.0 13.0],[8.0 9.0 8.0 13.0 10.0],[11.0 7.0 1.0E9 12.0 10.0],[6.0 7.0 9.0 6.0 8.0],[14.0 8.0 9.0 14.0 9.0],[7.0 6.0 1.0E9 11.0 13.0],[13.0 8.0 12.0 10.0 13.0],[10.0 6.0 1.0E9 10.0 10.0],[10.0 9.0 15.0 14.0 9.0],[8.0 10.0 15.0 11.0 9.0],[7.0 6.0 9.0 7.0 9.0],[7.0 9.0 1.0E9 13.0 12.0],[8.0 8.0 1.0E9 10.0 12.0],[8.0 7.0 11.0 7.0 12.0],[13.0 14.0 1.0E9 12.0 15.0],[8.0 8.0 13.0 8.0 13.0],[8.0 7.0 1.0E9 12.0 13.0],[9.0 13.0 12.0 8.0 10.0],[6.0 4.0 8.0 7.0 7.0],[10.0 9.0 1.0E9 15.0 14.0]]
[[11.0 13.0 1.0E9 9.0 14.0],[7.0 6.0 9.0 12.0 10.0],[8.0 10.0 1.0E9 12.0 12.0],[14.0 9.0 1.0E9 12.0 9.0],[7.0 7.0 8.0 9.0 11.0],[12.0 9.0 14.0 12.0 14.0],[12.0 7.0 1.0E9 12.0 12.0],[11.0 11.0 1.0E9 10.0 13.0],[10.0 13.0 1.0E9 13.0 14.0],[10.0 9.0 12.0 13.0 10.0],[10.0 9.0 11.0 13.0 12.0],[0.0 0.0 0.0 0.0 0.0],[9.0 12.0 10.0 12.0 12.0],[11.0 9.0 1.0E9 14.0 8.0],[9.0 7.0 7.0 7.0 12.0],[14.0 9.0 15.0 11.0 10.0],[7.0 12.0 1.0E9 12.0 15.0],[11.0 10.0 8.0 14.0 9.0],[11.0 8.0 1.0E9 9.0 13.0],[10.0 13.0 10.0 12.0 15.0],[10.0 12.0 9.0 15.0 15.0],[6.0 5.0 6.0 9.0 8.0],[9.0 8.0 1.0E9 12.0 10.0],[10.0 9.0 1.0E9 11.0 9.0],[8.0 6.0 9.0 7.0 9.0],[10.0 15.0 1.0E9 8.0 14.0],[11.0 10.0 15.0 11.0 10.0],[8.0 8.0 1.0E9 8.0 8.0],[10.0 10.0 8.0 12.0 12.0],[4.0 4.0 8.0 5.0 6.0],[13.0 11.0 1.0E9 9.0 10.0]]
[[9.0 12.0 1.0E9 10.0 10.0],[9.0 5.0 8.0 9.0 9.0],[13.0 9.0 1.0E9 10.0 12.0],[14.0 15.0 1.0E9 13.0 8.0],[11.0 12.0 10.0 15.0 10.0],[13.0 11.0 8.0 10.0 12.0],[12.0 12.0 1.0E9 12.0 14.0],[13.0 15.0 1.0E9 11.0 9.0],[10.0 9.0 1.0E9 13.0 12.0],[10.0 9.0 12.0 13.0 14.0],[11.0 7.0 14.0 12.0 11.0],[9.0 12.0 1.0E9 12.0 14.0],[0.0 0.0 0.0 0.0 0.0],[10.0 7.0 1.0E9 9.0 9.0],[7.0 6.0 9.0 11.0 11.0],[13.0 12.0 13.0 14.0 12.0],[11.0 10.0 1.0E9 12.0 13.0],[11.0 11.0 11.0 10.0 11.0],[6.0 10.0 1.0E9 10.0 10.0],[13.0 13.0 9.0 10.0 11.0],[14.0 11.0 9.0 8.0 13.0],[5.0 7.0 6.0 10.0 8.0],[7.0 6.0 1.0E9 13.0 12.0],[11.0 8.0 1.0E9 11.0 12.0],[6.0 5.0 8.0 9.0 7.0],[13.0 14.0 1.0E9 11.0 13.0],[7.0 11.0 15.0 12.0 11.0],[7.0 12.0 1.0E9 11.0 10.0],[9.0 7.0 9.0 13.0 15.0],[4.0 5.0 8.0 5.0 6.0],[8.0 9.0 1.0E9 12.0 10.0]]
[[9.0 13.0 1.0E9 8.0 15.0],[8.0 6.0 12.0 12.0 9.0],[13.0 10.0 1.0E9 9.0 15.0],[12.0 10.0 1.0E9 10.0 13.0],[7.0 9.0 12.0 13.0 9.0],[9.0 14.0 9.0 9.0 8.0],[8.0 8.0 1.0E9 13.0 13.0],[13.0 13.0 1.0E9 13.0 11.0],[10.0 14.0 1.0E9 9.0 15.0],[7.0 7.0 12.0 11.0 8.0],[9.0 7.0 8.0 10.0 10.0],[11.0 10.0 1.0E9 9.0 15.0],[13.0 14.0 10.0 15.0 10.0],[0.0 0.0 0.0 0.0 0.0],[9.0 5.0 8.0 8.0 11.0],[13.0 13.0 8.0 8.0 15.0],[11.0 7.0 1.0E9 9.0 9.0],[13.0 8.0 9.0 9.0 10.0],[9.0 8.0 1.0E9 8.0 9.0],[10.0 12.0 11.0 14.0 14.0],[11.0 13.0 11.0 11.0 8.0],[6.0 6.0 8.0 9.0 6.0],[8.0 8.0 1.0E9 9.0 12.0],[11.0 11.0 1.0E9 13.0 14.0],[6.0 9.0 7.0 8.0 8.0],[9.0 14.0 1.0E9 12.0 10.0],[11.0 11.0 12.0 15.0 13.0],[12.0 9.0 1.0E9 8.0 13.0],[10.0 9.0 10.0 10.0 8.0],[5.0 5.0 5.0 6.0 6.0],[13.0 8.0 1.0E9 11.0 10.0]]
[[10.0 9.0 1.0E9 14.0 8.0],[9.0 6.0 11.0 11.0 11.0],[9.0 12.0 1.0E9 14.0 14.0],[12.0 10.0 1.0E9 13.0 10.0],[12.0 7.0 10.0 10.0 12.0],[10.0 13.0 12.0 10.0 11.0],[11.0 11.0 1.0E9 10.0 10.0],[14.0 12.0 1.0E9 12.0 13.0],[12.0 10.0 1.0E9 9.0 12.0],[8.0 9.0 13.0 9.0 12.0],[8.0 9.0 10.0 14.0 9.0],[14.0 13.0 1.0E9 13.0 10.0],[9.0 8.0 8.0 10.0 13.0],[7.0 10.0 1.0E9 11.0 14.0],[0.0 0.0 0.0 0.0 0.0],[14.0 14.0 13.0 14.0 15.0],[10.0 8.0 1.0E9 10.0 13.0],[13.0 13.0 13.0 10.0 13.0],[11.0 11.0 1.0E9 12.0 11.0],[13.0 7.0 11.0 14.0 15.0],[13.0 10.0 13.0 13.0 12.0],[5.0 5.0 10.0 8.0 7.0],[6.0 10.0 1.0E9 14.0 14.0],[8.0 7.0 1.0E9 10.0 15.0],[7.0 7.0 12.0 11.0 9.0],[15.0 10.0 1.0E9 12.0 12.0],[10.0 11.0 9.0 12.0 9.0],[10.0 11.0 1.0E9 10.0 9.0],[7.0 10.0 14.0 11.0 14.0],[6.0 5.0 8.0 6.0 5.0],[11.0 10.0 1.0E9 12.0 14.0]]
[[13.0 11.0 1.0E9 10.0 8.0],[7.0 8.0 9.0 7.0 8.0],[9.0 13.0 1.0E9 14.0 14.0],[11.0 9.0 1.0E9 12.0 12.0],[9.0 8.0 15.0 8.0 14.0],[8.0 11.0 12.0 9.0 13.0],[11.0 13.0 1.0E9 13.0 12.0],[9.0 13.0 1.0E9 12.0 10.0],[11.0 12.0 1.0E9 8.0 8.0],[8.0 9.0 12.0 8.0 12.0],[10.0 10.0 12.0 11.0 12.0],[9.0 9.0 1.0E9 10.0 8.0],[9.0 9.0 9.0 12.0 11.0],[11.0 9.0 1.0E9 14.0 8.0],[8.0 6.0 10.0 11.0 11.0],[0.0 0.0 0.0 0.0 0.0],[12.0 9.0 1.0E9 10.0 14.0],[13.0 7.0 13.0 14.0 12.0],[7.0 7.0 1.0E9 12.0 9.0],[13.0 11.0 14.0 10.0 12.0],[13.0 11.0 14.0 13.0 9.0],[6.0 8.0 9.0 10.0 9.0],[9.0 11.0 1.0E9 11.0 14.0],[9.0 8.0 1.0E9 8.0 10.0],[7.0 6.0 8.0 11.0 8.0],[11.0 13.0 1.0E9 12.0 14.0],[7.0 10.0 10.0 11.0 11.0],[8.0 12.0 1.0E9 11.0 12.0],[7.0 13.0 15.0 12.0 9.0],[6.0 5.0 6.0 7.0 7.0],[12.0 12.0 1.0E9 12.0 12.0]]
[[11.0 13.0 1.0E9 9.0 13.0],[8.0 8.0 8.0 10.0 8.0],[11.0 9.0 1.0E9 13.0 13.0],[14.0 12.0 1.0E9 11.0 12.0],[11.0 8.0 11.0 11.0 9.0],[10.0 12.0 14.0 13.0 12.0],[10.0 7.0 1.0E9 11.0 11.0],[10.0 14.0 1.0E9 8.0 9.0],[8.0 8.0 1.0E9 12.0 13.0],[8.0 10.0 9.0 12.0 14.0],[10.0 7.0 11.0 12.0 10.0],[12.0 9.0 1.0E9 8.0 14.0],[11.0 10.0 13.0 14.0 15.0],[7.0 11.0 1.0E9 14.0 14.0],[8.0 9.0 10.0 9.0 11.0],[14.0 11.0 13.0 13.0 14.0],[0.0 0.0 0.0 0.0 0.0],[12.0 8.0 8.0 15.0 8.0],[9.0 11.0 1.0E9 12.0 9.0],[8.0 8.0 14.0 12.0 10.0],[14.0 14.0 9.0 10.0 11.0],[6.0 8.0 10.0 8.0 9.0],[11.0 9.0 1.0E9 14.0 12.0],[12.0 7.0 1.0E9 13.0 14.0],[6.0 7.0 11.0 9.0 9.0],[11.0 14.0 1.0E9 9.0 11.0],[9.0 12.0 9.0 14.0 9.0],[7.0 7.0 1.0E9 10.0 9.0],[13.0 10.0 12.0 10.0 12.0],[6.0 6.0 7.0 5.0 5.0],[11.0 10.0 1.0E9 12.0 9.0]]
[[12.0 13.0 1.0E9 10.0 13.0],[9.0 6.0 7.0 7.0 7.0],[11.0 10.0 1.0E9 8.0 8.0],[13.0 8.0 1.0E9 8.0 12.0],[10.0 10.0 13.0 11.0 8.0],[14.0 10.0 11.0 9.0 11.0],[11.0 8.0 1.0E9 8.0 14.0],[13.0 11.0 1.0E9 13.0 10.0],[15.0 10.0 1.0E9 9.0 11.0],[10.0 7.0 8.0 12.0 14.0],[7.0 7.0 9.0 9.0 9.0],[14.0 8.0 1.0E9 10.0 10.0],[8.0 10.0 9.0 11.0 10.0],[9.0 13.0 1.0E9 12.0 12.0],[8.0 9.0 11.0 12.0 10.0],[13.0 11.0 15.0 10.0 10.0],[11.0 11.0 1.0E9 14.0 8.0],[0.0 0.0 0.0 0.0 0.0],[10.0 10.0 1.0E9 9.0 8.0],[10.0 10.0 8.0 10.0 9.0],[13.0 8.0 11.0 14.0 8.0],[6.0 7.0 9.0 8.0 8.0],[10.0 10.0 1.0E9 13.0 11.0],[10.0 7.0 1.0E9 11.0 12.0],[8.0 6.0 7.0 12.0 7.0],[14.0 10.0 1.0E9 14.0 14.0],[11.0 12.0 15.0 8.0 9.0],[12.0 11.0 1.0E9 15.0 15.0],[13.0 11.0 9.0 11.0 8.0],[5.0 6.0 7.0 8.0 7.0],[13.0 11.0 1.0E9 13.0 12.0]]
[[13.0 14.0 1.0E9 9.0 10.0],[10.0 7.0 11.0 9.0 7.0],[10.0 13.0 1.0E9 13.0 13.0],[14.0 10.0 1.0E9 15.0 9.0],[9.0 11.0 8.0 15.0 12.0],[13.0 13.0 13.0 12.0 9.0],[8.0 11.0 1.0E9 11.0 8.0],[12.0 10.0 1.0E9 9.0 15.0],[14.0 14.0 1.0E9 9.0 9.0],[10.0 11.0 8.0 11.0 14.0],[9.0 10.0 13.0 14.0 11.0],[12.0 10.0 1.0E9 8.0 13.0],[9.0 12.0 9.0 15.0 9.0],[9.0 11.0 1.0E9 8.0 12.0],[7.0 7.0 10.0 11.0 11.0],[15.0 13.0 12.0 9.0 14.0],[7.0 9.0 1.0E9 11.0 14.0],[10.0 10.0 12.0 8.0 12.0],[0.0 0.0 0.0 0.0 0.0],[10.0 9.0 15.0 9.0 10.0],[9.0 10.0 10.0 15.0 15.0],[5.0 6.0 7.0 10.0 7.0],[11.0 11.0 1.0E9 12.0 11.0],[12.0 11.0 1.0E9 13.0 15.0],[6.0 9.0 7.0 8.0 11.0],[10.0 10.0 1.0E9 9.0 11.0],[8.0 7.0 12.0 12.0 13.0],[10.0 7.0 1.0E9 13.0 15.0],[9.0 9.0 12.0 9.0 9.0],[6.0 4.0 5.0 6.0 7.0],[11.0 10.0 1.0E9 10.0 11.0]]
[[13.0 12.0 1.0E9 11.0 10.0],[9.0 7.0 10.0 12.0 9.0],[13.0 10.0 1.0E9 9.0 11.0],[11.0 14.0 1.0E9 9.0 9.0],[10.0 9.0 11.0 15.0 10.0],[8.0 10.0 10.0 12.0 10.0],[8.0 11.0 1.0E9 12.0 9.0],[11.0 15.0 1.0E9 14.0 10.0],[9.0 9.0 1.0E9 14.0 12.0],[9.0 6.0 11.0 9.0 11.0],[11.0 8.0 10.0 10.0 11.0],[14.0 9.0 1.0E9 14.0 11.0],[9.0 12.0 13.0 12.0 15.0],[9.0 10.0 1.0E9 14.0 15.0],[7.0 8.0 12.0 8.0 11.0],[9.0 8.0 13.0 13.0 9.0],[8.0 9.0 1.0E9 12.0 9.0],[8.0 8.0 15.0 15.0 10.0],[8.0 8.0 1.0E9 9.0 14.0],[0.0 0.0 0.0 0.0 0.0],[10.0 11.0 11.0 15.0 9.0],[7.0 8.0 7.0 10.0 9.0],[7.0 8.0 1.0E9 14.0 9.0],[10.0 7.0 1.0E9 12.0 9.0],[8.0 7.0 8.0 10.0 9.0],[9.0 14.0 1.0E9 10.0 12.0],[10.0 9.0 15.0 9.0 10.0],[8.0 7.0 1.0E9 11.0 12.0],[9.0 11.0 11.0 11.0 13.0],[4.0 3.0 6.0 5.0 7.0],[11.0 8.0 1.0E9 12.0 8.0]]
[[9.0 14.0 1.0E9 14.0 10.0],[9.0 7.0 10.0 7.0 9.0],[11.0 9.0 1.0E9 13.0 8.0],[11.0 8.0 1.0E9 10.0 12.0],[7.0 11.0 10.0 9.0 11.0],[13.0 12.0 13.0 14.0 9.0],[11.0 11.0 1.0E9 12.0 14.0],[11.0 14.0 1.0E9 9.0 9.0],[11.0 14.0 1.0E9 14.0 9.0],[7.0 11.0 12.0 10.0 9.0],[9.0 10.0 8.0 12.0 11.0],[11.0 14.0 1.0E9 15.0 15.0],[14.0 13.0 12.0 12.0 13.0],[8.0 10.0 1.0E9 8.0 9.0],[6.0 9.0 12.0 12.0 7.0],[10.0 8.0 11.0 15.0 10.0],[12.0 12.0 1.0E9 9.0 8.0],[13.0 11.0 9.0 13.0 9.0],[12.0 11.0 1.0E9 8.0 9.0],[11.0 9.0 8.0 12.0 12.0],[0.0 0.0 0.0 0.0 0.0],[7.0 6.0 7.0 9.0 7.0],[8.0 12.0 1.0E9 11.0 8.0],[11.0 9.0 1.0E9 9.0 9.0],[6.0 8.0 7.0 9.0 8.0],[15.0 14.0 1.0E9 13.0 13.0],[9.0 12.0 9.0 15.0 14.0],[12.0 7.0 1.0E9 12.0 8.0],[13.0 11.0 12.0 11.0 9.0],[4.0 6.0 6.0 7.0 4.0],[12.0 8.0 1.0E9 12.0 11.0]]
[[9.0 13.0 1.0E9 14.0 12.0],[6.0 8.0 7.0 10.0 8.0],[13.0 14.0 1.0E9 15.0 11.0],[10.0 8.0 1.0E9 14.0 14.0],[8.0 8.0 11.0 12.0 9.0],[10.0 13.0 11.0 12.0 13.0],[11.0 8.0 1.0E9 15.0 8.0],[8.0 10.0 1.0E9 11.0 13.0],[12.0 11.0 1.0E9 14.0 11.0],[11.0 10.0 10.0 8.0 8.0],[11.0 10.0 14.0 11.0 13.0],[10.0 11.0 1.0E9 10.0 14.0],[8.0 14.0 14.0 10.0 8.0],[12.0 11.0 1.0E9 14.0 11.0],[10.0 8.0 9.0 7.0 9.0],[11.0 10.0 15.0 14.0 15.0],[10.0 7.0 1.0E9 13.0 8.0],[13.0 10.0 8.0 8.0 11.0],[9.0 9.0 1.0E9 12.0 8.0],[9.0 12.0 9.0 15.0 10.0],[11.0 15.0 11.0 8.0 10.0],[0.0 0.0 0.0 0.0 0.0],[8.0 9.0 1.0E9 14.0 10.0],[11.0 10.0 1.0E9 11.0 14.0],[6.0 8.0 8.0 8.0 10.0],[9.0 8.0 1.0E9 10.0 15.0],[13.0 11.0 13.0 14.0 9.0],[12.0 11.0 1.0E9 12.0 12.0],[12.0 13.0 14.0 15.0 11.0],[4.0 5.0 4.0 8.0 7.0],[8.0 12.0 1.0E9 14.0 12.0]]
[[10.0 10.0 1.0E9 10.0 15.0],[6.0 6.0 12.0 11.0 10.0],[10.0 7.0 1.0E9 9.0 9.0],[11.0 8.0 1.0E9 9.0 9.0],[12.0 11.0 11.0 14.0 11.0],[10.0 13.0 15.0 12.0 9.0],[11.0 12.0 1.0E9 11.0 11.0],[9.0 14.0 1.0E9 9.0 8.0],[13.0 14.0 1.0E9 11.0 15.0],[10.0 8.0 9.0 13.0 9.0],[6.0 10.0 13.0 12.0 13.0],[12.0 13.0 1.0E9 11.0 15.0],[12.0 14.0 15.0 11.0 11.0],[13.0 10.0 1.0E9 11.0 12.0],[9.0 8.0 9.0 11.0 11.0],[11.0 8.0 12.0 11.0 13.0],[9.0 7.0 1.0E9 8.0 11.0],[13.0 12.0 14.0 13.0 8.0],[8.0 10.0 1.0E9 10.0 13.0],[9.0 10.0 13.0 11.0 15.0],[14.0 13.0 14.0 8.0 9.0],[5.0 5.0 8.0 7.0 7.0],[0.0 0.0 0.0 0.0 0.0],[8.0 12.0 1.0E9 14.0 9.0],[5.0 6.0 9.0 11.0 8.0],[10.0 8.0 1.0E9 14.0 15.0],[13.0 12.0 11.0 12.0 10.0],[8.0 11.0 1.0E9 12.0 13.0],[12.0 11.0 11.0 15.0 10.0],[5.0 4.0 5.0 7.0 7.0],[8.0 13.0 1.0E9 11.0 15.0]]
[[10.0 13.0 1.0E9 10.0 14.0],[8.0 9.0 7.0 9.0 10.0],[10.0 13.0 1.0E9 11.0 9.0],[14.0 9.0 1.0E9 8.0 14.0],[10.0 9.0 11.0 14.0 8.0],[10.0 11.0 10.0 10.0 14.0],[8.0 7.0 1.0E9 11.0 8.0],[8.0 11.0 1.0E9 14.0 12.0],[11.0 13.0 1.0E9 12.0 10.0],[9.0 10.0 8.0 12.0 10.0],[10.0 7.0 8.0 11.0 12.0],[14.0 11.0 1.0E9 9.0 12.0],[10.0 12.0 11.0 9.0 11.0],[8.0 12.0 1.0E9 12.0 15.0],[7.0 5.0 9.0 10.0 7.0],[12.0 10.0 9.0 10.0 9.0],[8.0 12.0 1.0E9 15.0 14.0],[8.0 13.0 9.0 14.0 15.0],[10.0 10.0 1.0E9 13.0 9.0],[10.0 9.0 10.0 14.0 11.0],[13.0 13.0 14.0 11.0 10.0],[8.0 7.0 9.0 8.0 10.0],[7.0 11.0 1.0E9 9.0 11.0],[0.0 0.0 0.0 0.0 0.0],[7.0 7.0 11.0 11.0 7.0],[14.0 14.0 1.0E9 13.0 10.0],[12.0 8.0 13.0 12.0 14.0],[12.0 10.0 1.0E9 14.0 10.0],[11.0 10.0 9.0 12.0 14.0],[5.0 5.0 5.0 4.0 5.0],[10.0 11.0 1.0E9 15.0 12.0]]
[[8.0 13.0 1.0E9 10.0 15.0],[5.0 8.0 11.0 11.0 12.0],[7.0 9.0 1.0E9 15.0 12.0],[13.0 10.0 1.0E9 13.0 11.0],[7.0 8.0 13.0 8.0 14.0],[12.0 12.0 12.0 12.0 10.0],[12.0 12.0 1.0E9 13.0 11.0],[9.0 11.0 1.0E9 9.0 11.0],[12.0 14.0 1.0E9 12.0 14.0],[7.0 11.0 13.0 11.0 12.0],[9.0 10.0 11.0 12.0 14.0],[11.0 14.0 1.0E9 8.0 14.0],[13.0 11.0 14.0 9.0 8.0],[9.0 11.0 1.0E9 11.0 11.0],[7.0 7.0 8.0 10.0 11.0],[13.0 14.0 9.0 11.0 11.0],[8.0 11.0 1.0E9 11.0 9.0],[11.0 13.0 12.0 14.0 12.0],[12.0 12.0 1.0E9 14.0 8.0],[12.0 11.0 14.0 10.0 15.0],[10.0 14.0 15.0 12.0 15.0],[7.0 5.0 8.0 8.0 7.0],[8.0 7.0 1.0E9 8.0 10.0],[8.0 11.0 1.0E9 10.0 13.0],[0.0 0.0 0.0 0.0 0.0],[8.0 8.0 1.0E9 10.0 13.0],[8.0 10.0 9.0 13.0 12.0],[12.0 9.0 1.0E9 9.0 9.0],[13.0 8.0 12.0 12.0 11.0],[6.0 5.0 7.0 4.0 5.0],[10.0 9.0 1.0E9 11.0 10.0]]
[[9.0 8.0 1.0E9 8.0 12.0],[9.0 9.0 10.0 12.0 9.0],[9.0 8.0 1.0E9 11.0 10.0],[8.0 11.0 1.0E9 10.0 12.0],[7.0 7.0 13.0 8.0 12.0],[12.0 13.0 14.0 8.0 9.0],[11.0 10.0 1.0E9 9.0 11.0],[12.0 12.0 1.0E9 9.0 13.0],[8.0 14.0 1.0E9 13.0 11.0],[9.0 8.0 11.0 7.0 14.0],[8.0 8.0 9.0 14.0 9.0],[13.0 8.0 1.0E9 11.0 10.0],[14.0 11.0 11.0 12.0 13.0],[9.0 10.0 1.0E9 11.0 13.0],[6.0 6.0 11.0 11.0 12.0],[14.0 14.0 14.0 12.0 8.0],[7.0 9.0 1.0E9 14.0 15.0],[12.0 10.0 10.0 11.0 13.0],[7.0 8.0 1.0E9 12.0 12.0],[12.0 8.0 10.0 11.0 9.0],[11.0 14.0 11.0 12.0 9.0],[8.0 7.0 8.0 6.0 6.0],[11.0 9.0 1.0E9 13.0 14.0],[8.0 9.0 1.0E9 11.0 14.0],[6.0 5.0 11.0 12.0 9.0],[0.0 0.0 0.0 0.0 0.0],[9.0 12.0 15.0 12.0 12.0],[11.0 12.0 1.0E9 10.0 9.0],[8.0 9.0 12.0 11.0 12.0],[5.0 4.0 5.0 6.0 7.0],[8.0 10.0 1.0E9 8.0 8.0]]
[[12.0 12.0 1.0E9 11.0 12.0],[8.0 9.0 12.0 11.0 9.0],[11.0 8.0 1.0E9 15.0 9.0],[11.0 13.0 1.0E9 12.0 8.0],[8.0 8.0 14.0 10.0 14.0],[9.0 12.0 9.0 9.0 8.0],[7.0 12.0 1.0E9 11.0 14.0],[10.0 11.0 1.0E9 9.0 10.0],[11.0 13.0 1.0E9 9.0 10.0],[11.0 7.0 11.0 12.0 13.0],[11.0 8.0 8.0 13.0 12.0],[10.0 8.0 1.0E9 14.0 10.0],[10.0 11.0 10.0 12.0 8.0],[11.0 14.0 1.0E9 13.0 14.0],[6.0 10.0 11.0 7.0 8.0],[12.0 11.0 13.0 12.0 8.0],[11.0 10.0 1.0E9 9.0 14.0],[13.0 9.0 11.0 8.0 15.0],[9.0 10.0 1.0E9 12.0 13.0],[9.0 10.0 11.0 11.0 14.0],[8.0 13.0 10.0 15.0 11.0],[5.0 6.0 9.0 7.0 6.0],[8.0 8.0 1.0E9 10.0 10.0],[10.0 11.0 1.0E9 13.0 12.0],[7.0 7.0 9.0 7.0 10.0],[13.0 13.0 1.0E9 8.0 15.0],[0.0 0.0 0.0 0.0 0.0],[8.0 7.0 1.0E9 10.0 13.0],[11.0 10.0 12.0 10.0 12.0],[5.0 4.0 5.0 6.0 6.0],[11.0 13.0 1.0E9 12.0 12.0]]
[[11.0 9.0 1.0E9 15.0 10.0],[9.0 8.0 8.0 7.0 12.0],[11.0 9.0 1.0E9 13.0 11.0],[13.0 12.0 1.0E9 14.0 15.0],[11.0 8.0 8.0 11.0 13.0],[13.0 14.0 11.0 9.0 13.0],[11.0 12.0 1.0E9 11.0 12.0],[10.0 9.0 1.0E9 11.0 10.0],[11.0 15.0 1.0E9 15.0 10.0],[6.0 11.0 10.0 9.0 10.0],[7.0 8.0 11.0 11.0 13.0],[13.0 9.0 1.0E9 9.0 14.0],[11.0 11.0 11.0 11.0 9.0],[13.0 12.0 1.0E9 14.0 15.0],[7.0 9.0 9.0 10.0 10.0],[11.0 14.0 14.0 9.0 14.0],[10.0 11.0 1.0E9 12.0 12.0],[8.0 7.0 11.0 13.0 10.0],[10.0 11.0 1.0E9 12.0 12.0],[12.0 12.0 13.0 8.0 13.0],[8.0 11.0 12.0 12.0 12.0],[7.0 7.0 8.0 8.0 7.0],[10.0 6.0 1.0E9 12.0 10.0],[8.0 7.0 1.0E9 11.0 10.0],[6.0 9.0 8.0 7.0 8.0],[15.0 14.0 1.0E9 11.0 8.0],[12.0 9.0 9.0 12.0 14.0],[0.0 0.0 0.0 0.0 0.0],[7.0 9.0 12.0 15.0 11.0],[4.0 5.0 7.0 7.0 4.0],[10.0 11.0 1.0E9 15.0 15.0]]
[[12.0 7.0 1.0E9 14.0 13.0],[5.0 6.0 8.0 7.0 10.0],[10.0 7.0 1.0E9 9.0 13.0],[8.0 12.0 1.0E9 15.0 12.0],[10.0 10.0 11.0 10.0 10.0],[9.0 11.0 14.0 13.0 11.0],[9.0 7.0 1.0E9 9.0 11.0],[13.0 15.0 1.0E9 11.0 8.0],[15.0 14.0 1.0E9 14.0 8.0],[8.0 11.0 10.0 12.0 12.0],[6.0 10.0 13.0 11.0 8.0],[13.0 14.0 1.0E9 8.0 10.0],[11.0 8.0 10.0 11.0 14.0],[8.0 11.0 1.0E9 15.0 12.0],[7.0 10.0 9.0 12.0 7.0],[11.0 13.0 14.0 14.0 14.0],[10.0 9.0 1.0E9 14.0 14.0],[7.0 11.0 13.0 15.0 12.0],[9.0 8.0 1.0E9 12.0 9.0],[13.0 8.0 9.0 9.0 10.0],[13.0 12.0 8.0 10.0 14.0],[8.0 7.0 6.0 6.0 9.0],[7.0 7.0 1.0E9 8.0 8.0],[8.0 8.0 1.0E9 12.0 12.0],[7.0 6.0 10.0 12.0 12.0],[14.0 8.0 1.0E9 12.0 14.0],[11.0 9.0 10.0 8.0 15.0],[7.0 11.0 1.0E9 10.0 12.0],[0.0 0.0 0.0 0.0 0.0],[5.0 4.0 5.0 5.0 6.0],[10.0 9.0 1.0E9 13.0 13.0]]
[[9.0 13.0 1.0E9 9.0 8.0],[9.0 8.0 9.0 11.0 12.0],[12.0 12.0 1.0E9 14.0 9.0],[11.0 13.0 1.0E9 10.0 12.0],[9.0 12.0 10.0 8.0 8.0],[11.0 8.0 12.0 11.0 9.0],[7.0 9.0 1.0E9 9.0 12.0],[14.0 15.0 1.0E9 12.0 13.0],[15.0 15.0 1.0E9 12.0 15.0],[10.0 7.0 14.0 10.0 13.0],[8.0 8.0 13.0 9.0 13.0],[15.0 13.0 1.0E9 11.0 8.0],[12.0 13.0 13.0 9.0 9.0],[8.0 11.0 1.0E9 13.0 9.0],[7.0 6.0 9.0 8.0 7.0],[12.0 13.0 8.0 8.0 13.0],[7.0 12.0 1.0E9 14.0 12.0],[10.0 12.0 11.0 11.0 9.0],[11.0 7.0 1.0E9 14.0 8.0],[12.0 11.0 12.0 8.0 11.0],[13.0 12.0 8.0 12.0 12.0],[7.0 6.0 6.0 9.0 6.0],[7.0 9.0 1.0E9 14.0 9.0],[11.0 11.0 1.0E9 12.0 12.0],[6.0 8.0 12.0 7.0 10.0],[12.0 12.0 1.0E9 8.0 14.0],[11.0 7.0 12.0 11.0 12.0],[11.0 7.0 1.0E9 9.0 12.0],[11.0 11.0 12.0 12.0 9.0],[0.0 0.0 0.0 0.0 0.0],[13.0 11.0 1.0E9 13.0 13.0]]
[[12.0 10.0 1.0E9 11.0 15.0],[6.0 6.0 11.0 7.0 8.0],[13.0 13.0 1.0E9 12.0 12.0],[9.0 12.0 1.0E9 12.0 13.0],[12.0 9.0 14.0 10.0 14.0],[8.0 10.0 11.0 14.0 9.0],[10.0 7.0 1.0E9 13.0 11.0],[12.0 13.0 1.0E9 9.0 14.0],[14.0 9.0 1.0E9 8.0 13.0],[7.0 10.0 11.0 9.0 13.0],[8.0 7.0 14.0 13.0 8.0],[14.0 14.0 1.0E9 12.0 11.0],[9.0 11.0 10.0 13.0 9.0],[12.0 13.0 1.0E9 10.0 13.0],[7.0 8.0 8.0 9.0 9.0],[11.0 13.0 12.0 13.0 10.0],[8.0 8.0 1.0E9 8.0 12.0],[11.0 7.0 12.0 13.0 12.0],[10.0 8.0 1.0E9 9.0 8.0],[9.0 9.0 11.0 9.0 10.0],[14.0 13.0 15.0 14.0 15.0],[5.0 5.0 6.0 9.0 10.0],[12.0 9.0 1.0E9 13.0 12.0],[8.0 11.0 1.0E9 14.0 13.0],[7.0 6.0 10.0 9.0 8.0],[15.0 13.0 1.0E9 13.0 13.0],[11.0 11.0 11.0 10.0 9.0],[10.0 10.0 1.0E9 11.0 14.0],[9.0 11.0 14.0 12.0 10.0],[5.0 6.0 6.0 5.0 7.0],[0.0 0.0 0.0 0.0 0.0]]];
Hi = [0.2 0.2 0.2 0.2 0.2 0.2 0.2 0.2 0.2 0.2 0.2 0.2 0.2 0.2 0.2 0.2 0.2 0.2 0.2 0.2 0.2 0.2 0.2 0.2 0.2 0.2 0.2 0.2 0.2 0.2 0.2];
