Valor_otimo
1634.0
Total_de_cidades
20
Matriz_dos_custos_dos_caminhos
           0         978         882          64         291         632         757         855         132         756         181         399         634         392         892         980         701          17         429         771
         978           0         169         213         141         735         900          13         205          21         601         406          21         474         147         827         925         754         379          98
         882         169           0         643         872         163         380          54         359         142         913         623         908          81         986         288         534         696         975          17
          64         213         643           0         266         120         946         447         146         532         215         583         131          43         403         252          51         490          41         344
         291         141         872         266           0         734         685         590         837         784         925         313         862         751         998         339         191         881         954         827
         632         735         163         120         734           0         969         290         357         771         955         266          14         108         214         966         156         936         128         188
         757         900         380         946         685         969           0         574         741         558         659         360         944         965          98         266         760         726         407         634
         855          13          54         447         590         290         574           0         640         716         366         351         180         170         728         468         617         492         549         920
         132         205         359         146         837         357         741         640           0         581         793         608          10         929         636         617         721          40         471         266
         756          21         142         532         784         771         558         716         581           0         270         951         647         825          35         681         385         965         480          91
         181         601         913         215         925         955         659         366         793         270           0         304          15         609         750         107         758         194         491          67
         399         406         623         583         313         266         360         351         608         951         304           0         285         729         947         178         749         435          46         548
         634          21         908         131         862          14         944         180          10         647          15         285           0         420         564         317         684          98         901         997
         392         474          81          43         751         108         965         170         929         825         609         729         420           0         542          80          78         329         570         710
         892         147         986         403         998         214          98         728         636          35         750         947         564         542           0          38          72         272         710         294
         980         827         288         252         339         966         266         468         617         681         107         178         317          80          38           0         748         970         434         235
         701         925         534          51         191         156         760         617         721         385         758         749         684          78          72         748           0         591         191         601
          17         754         696         490         881         936         726         492          40         965         194         435          98         329         272         970         591           0         334          82
         429         379         975          41         954         128         407         549         471         480         491          46         901         570         710         434         191         334           0         220
         771          98          17         344         827         188         634         920         266          91          67         548         997         710         294         235         601          82         220           0
