Valor_otimo
1970.0
Total_de_cidades
22
Matriz_dos_custos_dos_caminhos
           0          24         897         626         239         188         576          52         960         401         750          63          68         378         141         217         938         273         433         398         227         896
          24           0         283         970         481         268         443         130          58         201         830         820         881         983         534         776         689         650         445         336         140         166
         897         283           0         706         492         752         672         396         732         766         740         808         354         901         252         967         363          85         580         360         745         960
         626         970         706           0          23         340          10         880         424         151         952         134         747         492         283         538         927         719          36         409         521         871
         239         481         492          23           0         965         867         403          18         199         968          77         260         851         667         978         968         473         141         502         281         943
         188         268         752         340         965           0         668          77         594         529         128         573         356         218         789         224         212         504         804         501         539         917
         576         443         672          10         867         668           0         679         955         643         268         976         440          94         433         649         648         550         420         965         796         107
          52         130         396         880         403          77         679           0         387         135          17         832         915         777         124         146         741         897         386         266         727         855
         960          58         732         424          18         594         955         387           0         549         933          17         656         866         865         162         612         154         314         569         155          81
         401         201         766         151         199         529         643         135         549           0         711         951         269         954         436         556         836         134         120         220         360         995
         750         830         740         952         968         128         268          17         933         711           0         351          20         142         560         484         634         132         120         192         187          54
          63         820         808         134          77         573         976         832          17         951         351           0         831         127         292         708         863         405          91         255         754         993
          68         881         354         747         260         356         440         915         656         269          20         831           0         315         769         619         741          27         411         500         969         846
         378         983         901         492         851         218          94         777         866         954         142         127         315           0         361         270         863         178         629         812         897         331
         141         534         252         283         667         789         433         124         865         436         560         292         769         361           0         895         807         269         796         335         785         799
         217         776         967         538         978         224         649         146         162         556         484         708         619         270         895           0         293         525         627         876          25         711
         938         689         363         927         968         212         648         741         612         836         634         863         741         863         807         293           0         750         300         827          25          33
         273         650          85         719         473         504         550         897         154         134         132         405          27         178         269         525         750           0         679         272         129         906
         433         445         580          36         141         804         420         386         314         120         120          91         411         629         796         627         300         679           0         239          60         484
         398         336         360         409         502         501         965         266         569         220         192         255         500         812         335         876         827         272         239           0         288        1000
         227         140         745         521         281         539         796         727         155         360         187         754         969         897         785          25          25         129          60         288           0         962
         896         166         960         871         943         917         107         855          81         995          54         993         846         331         799         711          33         906         484        1000         962           0
