Valor_otimo
2126.0
Total_de_cidades
30
Matriz_dos_custos_dos_caminhos
           0         911         243         933         263         930         647         236         335         742         673         365         764         475         595          61         631         339         293         212         176         748         583         739         872          74         933         773         849         888
         911           0           7         594         238         240         265         533          86         700         620         426         439         996         139          50         114          26         372         653         458         208         966         568         797          42           3         647         457         969
         243           7           0         445          21         357         961         904         965         160         752         119         861         287         459         405         872          81         973         149         862         111         138         773         851         868         244         229         908         517
         933         594         445           0         391         249         616         352         918         185         598         619         393         919         247         956          94         711         201         170         753         487         329         218         940          97         564         232         974         365
         263         238          21         391           0         221         983         449         966         425         815         410         241         351         940         170         766         168          50         194         967          11         730          90         649         201         230         358         443         611
         930         240         357         249         221           0         625         535          30        1000         913         134         858         325         923          14         455         512         606          45         226         182         985         524         807         748         528         350         269         195
         647         265         961         616         983         625           0         688         143         363          38         481         263         313         366         521         747         579         318         515         114         752         819         364         819         722         459         499         152         933
         236         533         904         352         449         535         688           0         961         144         711          29         840         684         344          46         740         165         741         512         624         983         542         889         457         168         870         466         242         726
         335          86         965         918         966          30         143         961           0         369          17         915         308         777         940         522         624         255         908         888         258         789         613         917         297         423         498         445         807         870
         742         700         160         185         425        1000         363         144         369           0         107         760          26         912         268         713         526         892         542         747         868         268         448         703         873         480          95         864         655         767
         673         620         752         598         815         913          38         711          17         107           0         614         150         204         963         167         693          24         584         358         816         343         658          30         584         301          64         493         505         961
         365         426         119         619         410         134         481          29         915         760         614           0         171         613         103         549         935         259         774          65         493         252         943          88         883         857         270         724         642         896
         764         439         861         393         241         858         263         840         308          26         150         171           0         292         166          31         503          21         609         492         905         356         478         717         608         784         321         451         709         186
         475         996         287         919         351         325         313         684         777         912         204         613         292           0         958         407         437         495         703         967         734         568         510         258         753         946         337         238         601         579
         595         139         459         247         940         923         366         344         940         268         963         103         166         958           0           1         588         137         222         239         511         448          66         258         426          98         135         415         198         811
          61          50         405         956         170          14         521          46         522         713         167         549          31         407           1           0         538         518         469         487          45         863         838         661         754         417         950         384         445         173
         631         114         872          94         766         455         747         740         624         526         693         935         503         437         588         538           0         928         246         270         445         869         462         274         470         569         222          56         953          49
         339          26          81         711         168         512         579         165         255         892          24         259          21         495         137         518         928           0         458          48         890         168         823          15         749         594         342         164         245         915
         293         372         973         201          50         606         318         741         908         542         584         774         609         703         222         469         246         458           0         903         773         754         825         329         692         966         630         574         716         398
         212         653         149         170         194          45         515         512         888         747         358          65         492         967         239         487         270          48         903           0         941         530         181          82         884         792         602         757           6         522
         176         458         862         753         967         226         114         624         258         868         816         493         905         734         511          45         445         890         773         941           0         825         550         401         789         212         707         206        1000         236
         748         208         111         487          11         182         752         983         789         268         343         252         356         568         448         863         869         168         754         530         825           0         119          78         172         411         465          16         198         756
         583         966         138         329         730         985         819         542         613         448         658         943         478         510          66         838         462         823         825         181         550         119           0         156          79         716         981         223         600         716
         739         568         773         218          90         524         364         889         917         703          30          88         717         258         258         661         274          15         329          82         401          78         156           0         197         200         124         868         661         517
         872         797         851         940         649         807         819         457         297         873         584         883         608         753         426         754         470         749         692         884         789         172          79         197           0         730         807          15         187         402
          74          42         868          97         201         748         722         168         423         480         301         857         784         946          98         417         569         594         966         792         212         411         716         200         730           0         848         206          47         718
         933           3         244         564         230         528         459         870         498          95          64         270         321         337         135         950         222         342         630         602         707         465         981         124         807         848           0          46         488         396
         773         647         229         232         358         350         499         466         445         864         493         724         451         238         415         384          56         164         574         757         206          16         223         868          15         206          46           0         310          61
         849         457         908         974         443         269         152         242         807         655         505         642         709         601         198         445         953         245         716           6        1000         198         600         661         187          47         488         310           0         601
         888         969         517         365         611         195         933         726         870         767         961         896         186         579         811         173          49         915         398         522         236         756         716         517         402         718         396          61         601           0
